0.000000000000000000e+00 9.000000000000000000e+00
1.001001001001000992e-03 8.979990000010021234e+00
2.002002002002001985e-03 8.960000040080121408e+00
3.003003003003002977e-03 8.940030120210298747e+00
4.004004004004003969e-03 8.920080240400560356e+00
5.005005005005004962e-03 8.900150400650900906e+00
6.006006006006005954e-03 8.880240600961322173e+00
7.007007007007006946e-03 8.860350841331822380e+00
8.008008008008007939e-03 8.840481121762401528e+00
9.009009009009008931e-03 8.820631442253063170e+00
1.001001001001000992e-02 8.800801802803803753e+00
1.101101101101101092e-02 8.780992203414626829e+00
1.201201201201201191e-02 8.761202644085528846e+00
1.301301301301301290e-02 8.741433124816508027e+00
1.401401401401401389e-02 8.721683645607569701e+00
1.501501501501501488e-02 8.701954206458710317e+00
1.601601601601601588e-02 8.682244807369933426e+00
1.701701701701701860e-02 8.662555448341233699e+00
1.801801801801801786e-02 8.642886129372614690e+00
1.901901901901902059e-02 8.623236850464078174e+00
2.002002002002001985e-02 8.603607611615620598e+00
2.102102102102102257e-02 8.583998412827241964e+00
2.202202202202202183e-02 8.564409254098944047e+00
2.302302302302302456e-02 8.544840135430725070e+00
2.402402402402402382e-02 8.525291056822588587e+00
2.502502502502502654e-02 8.505762018274531044e+00
2.602602602602602580e-02 8.486253019786554219e+00
2.702702702702702853e-02 8.466764061358656335e+00
2.802802802802802778e-02 8.447295142990837391e+00
2.902902902902903051e-02 8.427846264683100941e+00
3.003003003003002977e-02 8.408417426435445208e+00
3.103103103103103250e-02 8.389008628247868415e+00
3.203203203203203175e-02 8.369619870120370564e+00
3.303303303303303101e-02 8.350251152052953429e+00
3.403403403403403721e-02 8.330902474045617012e+00
3.503503503503503647e-02 8.311573836098361312e+00
3.603603603603603572e-02 8.292265238211184553e+00
3.703703703703703498e-02 8.272976680384088510e+00
3.803803803803804118e-02 8.253708162617071409e+00
3.903903903903904044e-02 8.234459684910135024e+00
4.004004004004003969e-02 8.215231247263279357e+00
4.104104104104103895e-02 8.196022849676504407e+00
4.204204204204204515e-02 8.176834492149806621e+00
4.304304304304304440e-02 8.157666174683191329e+00
4.404404404404404366e-02 8.138517897276654978e+00
4.504504504504504292e-02 8.119389659930201120e+00
4.604604604604604912e-02 8.100281462643826202e+00
4.704704704704704837e-02 8.081193305417528450e+00
4.804804804804804763e-02 8.062125188251314967e+00
4.904904904904904689e-02 8.043077111145178648e+00
5.005005005005005309e-02 8.024049074099124823e+00
5.105105105105105234e-02 8.005041077113149939e+00
5.205205205205205160e-02 7.986053120187252219e+00
5.305305305305305086e-02 7.967085203321438769e+00
5.405405405405405705e-02 7.948137326515704260e+00
5.505505505505505631e-02 7.929209489770050467e+00
5.605605605605605557e-02 7.910301693084477392e+00
5.705705705705705483e-02 7.891413936458981482e+00
5.805805805805806102e-02 7.872546219893566288e+00
5.905905905905906028e-02 7.853698543388233588e+00
6.006006006006005954e-02 7.834870906942979829e+00
6.106106106106105880e-02 7.816063310557805011e+00
6.206206206206206499e-02 7.797275754232710909e+00
6.306306306306305731e-02 7.778508237967697525e+00
6.406406406406406351e-02 7.759760761762763082e+00
6.506506506506506970e-02 7.741033325617911132e+00
6.606606606606606202e-02 7.722325929533138122e+00
6.706706706706706822e-02 7.703638573508442278e+00
6.806806806806807442e-02 7.684971257543828926e+00
6.906906906906906674e-02 7.666323981639296292e+00
7.007007007007007293e-02 7.647696745794844375e+00
7.107107107107106525e-02 7.629089550010471399e+00
7.207207207207207145e-02 7.610502394286177363e+00
7.307307307307307764e-02 7.591935278621964045e+00
7.407407407407406996e-02 7.573388203017833220e+00
7.507507507507507616e-02 7.554861167473781336e+00
7.607607607607608236e-02 7.536354171989806616e+00
7.707707707707707467e-02 7.517867216565914390e+00
7.807807807807808087e-02 7.499400301202102881e+00
7.907907907907907319e-02 7.480953425898370313e+00
8.008008008008007939e-02 7.462526590654720238e+00
8.108108108108108558e-02 7.444119795471145551e+00
8.208208208208207790e-02 7.425733040347653358e+00
8.308308308308308410e-02 7.407366325284243658e+00
8.408408408408409029e-02 7.389019650280912899e+00
8.508508508508508261e-02 7.370693015337661080e+00
8.608608608608608881e-02 7.352386420454486426e+00
8.708708708708708113e-02 7.334099865631397819e+00
8.808808808808808732e-02 7.315833350868386376e+00
8.908908908908909352e-02 7.297586876165453873e+00
9.009009009009008584e-02 7.279360441522603864e+00
9.109109109109109204e-02 7.261154046939831019e+00
9.209209209209209823e-02 7.242967692417140668e+00
9.309309309309309055e-02 7.224801377954531034e+00
9.409409409409409675e-02 7.206655103552000341e+00
9.509509509509508907e-02 7.188528869209550365e+00
9.609609609609609526e-02 7.170422674927177553e+00
9.709709709709710146e-02 7.152336520704889011e+00
9.809809809809809378e-02 7.134270406542679410e+00
9.909909909909909997e-02 7.116224332440548750e+00
1.001001001001001062e-01 7.098198298398498807e+00
1.011011011011010985e-01 7.080192304416527804e+00
1.021021021021021047e-01 7.062206350494637519e+00
1.031031031031030970e-01 7.044240436632829727e+00
1.041041041041041032e-01 7.026294562831100876e+00
1.051051051051051094e-01 7.008368729089450966e+00
1.061061061061061017e-01 6.990462935407879108e+00
1.071071071071071079e-01 6.972577181786389744e+00
1.081081081081081141e-01 6.954711468224981985e+00
1.091091091091091064e-01 6.936865794723653167e+00
1.101101101101101126e-01 6.919040161282405066e+00
1.111111111111111049e-01 6.901234567901234129e+00
1.121121121121121111e-01 6.883449014580144798e+00
1.131131131131131173e-01 6.865683501319137072e+00
1.141141141141141097e-01 6.847938028118209175e+00
1.151151151151151159e-01 6.830212594977360219e+00
1.161161161161161220e-01 6.812507201896590203e+00
1.171171171171171144e-01 6.794821848875902681e+00
1.181181181181181206e-01 6.777156535915294988e+00
1.191191191191191129e-01 6.759511263014767124e+00
1.201201201201201191e-01 6.741886030174319977e+00
1.211211211211211253e-01 6.724280837393949994e+00
1.221221221221221176e-01 6.706695684673662505e+00
1.231231231231231238e-01 6.689130572013454845e+00
1.241241241241241300e-01 6.671585499413327902e+00
1.251251251251251362e-01 6.654060466873280788e+00
1.261261261261261146e-01 6.636555474393311727e+00
1.271271271271271208e-01 6.619070521973424270e+00
1.281281281281281270e-01 6.601605609613617531e+00
1.291291291291291332e-01 6.584160737313890621e+00
1.301301301301301394e-01 6.566735905074244428e+00
1.311311311311311179e-01 6.549331112894676288e+00
1.321321321321321240e-01 6.531946360775188865e+00
1.331331331331331302e-01 6.514581648715782158e+00
1.341341341341341364e-01 6.497236976716457058e+00
1.351351351351351426e-01 6.479912344777210897e+00
1.361361361361361488e-01 6.462607752898042790e+00
1.371371371371371273e-01 6.445323201078956288e+00
1.381381381381381335e-01 6.428058689319950503e+00
1.391391391391391397e-01 6.410814217621024547e+00
1.401401401401401459e-01 6.393589785982179308e+00
1.411411411411411521e-01 6.376385394403412121e+00
1.421421421421421305e-01 6.359201042884726540e+00
1.431431431431431367e-01 6.342036731426121676e+00
1.441441441441441429e-01 6.324892460027595753e+00
1.451451451451451491e-01 6.307768228689150547e+00
1.461461461461461553e-01 6.290664037410783394e+00
1.471471471471471337e-01 6.273579886192498734e+00
1.481481481481481399e-01 6.256515775034293014e+00
1.491491491491491461e-01 6.239471703936168900e+00
1.501501501501501523e-01 6.222447672898124615e+00
1.511511511511511585e-01 6.205443681920157495e+00
1.521521521521521647e-01 6.188459731002273756e+00
1.531531531531531432e-01 6.171495820144468958e+00
1.541541541541541493e-01 6.154551949346744877e+00
1.551551551551551555e-01 6.137628118609100625e+00
1.561561561561561617e-01 6.120724327931534425e+00
1.571571571571571679e-01 6.103840577314049831e+00
1.581581581581581464e-01 6.086976866756646842e+00
1.591591591591591526e-01 6.070133196259322794e+00
1.601601601601601588e-01 6.053309565822079463e+00
1.611611611611611650e-01 6.036505975444913297e+00
1.621621621621621712e-01 6.019722425127829624e+00
1.631631631631631496e-01 6.002958914870827556e+00
1.641641641641641558e-01 5.986215444673903541e+00
1.651651651651651620e-01 5.969492014537061131e+00
1.661661661661661682e-01 5.952788624460294997e+00
1.671671671671671744e-01 5.936105274443612245e+00
1.681681681681681806e-01 5.919441964487010210e+00
1.691691691691691590e-01 5.902798694590487116e+00
1.701701701701701652e-01 5.886175464754043851e+00
1.711711711711711714e-01 5.869572274977679527e+00
1.721721721721721776e-01 5.852989125261396808e+00
1.731731731731731838e-01 5.836426015605194806e+00
1.741741741741741623e-01 5.819882946009072633e+00
1.751751751751751685e-01 5.803359916473031177e+00
1.761761761761761746e-01 5.786856926997066886e+00
1.771771771771771808e-01 5.770373977581184199e+00
1.781781781781781870e-01 5.753911068225383119e+00
1.791791791791791655e-01 5.737468198929661867e+00
1.801801801801801717e-01 5.721045369694019556e+00
1.811811811811811779e-01 5.704642580518456185e+00
1.821821821821821841e-01 5.688259831402973532e+00
1.831831831831831903e-01 5.671897122347573372e+00
1.841841841841841965e-01 5.655554453352250377e+00
1.851851851851851749e-01 5.639231824417011651e+00
1.861861861861861811e-01 5.622929235541848314e+00
1.871871871871871873e-01 5.606646686726767470e+00
1.881881881881881935e-01 5.590384177971766455e+00
1.891891891891891997e-01 5.574141709276842604e+00
1.901901901901901781e-01 5.557919280642003912e+00
1.911911911911911843e-01 5.541716892067242384e+00
1.921921921921921905e-01 5.525534543552561573e+00
1.931931931931931967e-01 5.509372235097961479e+00
1.941941941941942029e-01 5.493229966703438549e+00
1.951951951951951814e-01 5.477107738369001666e+00
1.961961961961961876e-01 5.461005550094638394e+00
1.971971971971971938e-01 5.444923401880359393e+00
1.981981981981981999e-01 5.428861293726159332e+00
1.991991991991992061e-01 5.412819225632037323e+00
2.002002002002002123e-01 5.396797197597997808e+00
2.012012012012011908e-01 5.380795209624038122e+00
2.022022022022021970e-01 5.364813261710158265e+00
2.032032032032032032e-01 5.348851353856359125e+00
2.042042042042042094e-01 5.332909486062638038e+00
2.052052052052052156e-01 5.316987658328998556e+00
2.062062062062061940e-01 5.301085870655439791e+00
2.072072072072072002e-01 5.285204123041960855e+00
2.082082082082082064e-01 5.269342415488562636e+00
2.092092092092092126e-01 5.253500747995241582e+00
2.102102102102102188e-01 5.237679120562003021e+00
2.112112112112112250e-01 5.221877533188844289e+00
2.122122122122122034e-01 5.206095985875766274e+00
2.132132132132132096e-01 5.190334478622768088e+00
2.142142142142142158e-01 5.174593011429847067e+00
2.152152152152152220e-01 5.158871584297008539e+00
2.162162162162162282e-01 5.143170197224251616e+00
2.172172172172172067e-01 5.127488850211573634e+00
2.182182182182182129e-01 5.111827543258975481e+00
2.192192192192192191e-01 5.096186276366455381e+00
2.202202202202202252e-01 5.080565049534017774e+00
2.212212212212212314e-01 5.064963862761660884e+00
2.222222222222222099e-01 5.049382716049382935e+00
2.232232232232232161e-01 5.033821609397184815e+00
2.242242242242242223e-01 5.018280542805066524e+00
2.252252252252252285e-01 5.002759516273029838e+00
2.262262262262262347e-01 4.987258529801072982e+00
2.272272272272272409e-01 4.971777583389195065e+00
2.282282282282282193e-01 4.956316677037398755e+00
2.292292292292292255e-01 4.940875810745679608e+00
2.302302302302302317e-01 4.925454984514043844e+00
2.312312312312312379e-01 4.910054198342487020e+00
2.322322322322322441e-01 4.894673452231009136e+00
2.332332332332332225e-01 4.879312746179613747e+00
2.342342342342342287e-01 4.863972080188295521e+00
2.352352352352352349e-01 4.848651454257058901e+00
2.362362362362362411e-01 4.833350868385903887e+00
2.372372372372372473e-01 4.818070322574827813e+00
2.382382382382382258e-01 4.802809816823831568e+00
2.392392392392392320e-01 4.787569351132914264e+00
2.402402402402402382e-01 4.772348925502078565e+00
2.412412412412412444e-01 4.757148539931322695e+00
2.422422422422422505e-01 4.741968194420646654e+00
2.432432432432432567e-01 4.726807888970051330e+00
2.442442442442442352e-01 4.711667623579534947e+00
2.452452452452452414e-01 4.696547398249100169e+00
2.462462462462462476e-01 4.681447212978744332e+00
2.472472472472472538e-01 4.666367067768469212e+00
2.482482482482482600e-01 4.651306962618274810e+00
2.492492492492492384e-01 4.636266897528158459e+00
2.502502502502502724e-01 4.621246872498123714e+00
2.512512512512512508e-01 4.606246887528168799e+00
2.522522522522522292e-01 4.591266942618294600e+00
2.532532532532532632e-01 4.576307037768499342e+00
2.542542542542542416e-01 4.561367172978783913e+00
2.552552552552552756e-01 4.546447348249149201e+00
2.562562562562562540e-01 4.531547563579595206e+00
2.572572572572572325e-01 4.516667818970121040e+00
2.582582582582582664e-01 4.501808114420727591e+00
2.592592592592592449e-01 4.486968449931412195e+00
2.602602602602602788e-01 4.472148825502179292e+00
2.612612612612612573e-01 4.457349241133025330e+00
2.622622622622622357e-01 4.442569696823951197e+00
2.632632632632632697e-01 4.427810192574957782e+00
2.642642642642642481e-01 4.413070728386043307e+00
2.652652652652652820e-01 4.398351304257209549e+00
2.662662662662662605e-01 4.383651920188457396e+00
2.672672672672672944e-01 4.368972576179782408e+00
2.682682682682682729e-01 4.354313272231189913e+00
2.692692692692692513e-01 4.339674008342676359e+00
2.702702702702702853e-01 4.325054784514243522e+00
2.712712712712712637e-01 4.310455600745891402e+00
2.722722722722722977e-01 4.295876457037617335e+00
2.732732732732732761e-01 4.281317353389426650e+00
2.742742742742742545e-01 4.266778289801312241e+00
2.752752752752752885e-01 4.252259266273280325e+00
2.762762762762762669e-01 4.237760282805328238e+00
2.772772772772773009e-01 4.223281339397454204e+00
2.782782782782782793e-01 4.208822436049663551e+00
2.792792792792792578e-01 4.194383572761950063e+00
2.802802802802802917e-01 4.179964749534319068e+00
2.812812812812812702e-01 4.165565966366767015e+00
2.822822822822823041e-01 4.151187223259293901e+00
2.832832832832832826e-01 4.136828520211905058e+00
2.842842842842842610e-01 4.122489857224591603e+00
2.852852852852852950e-01 4.108171234297360641e+00
2.862862862862862734e-01 4.093872651430208620e+00
2.872872872872873073e-01 4.079594108623136428e+00
2.882882882882882858e-01 4.065335605876146730e+00
2.892892892892892642e-01 4.051097143189235084e+00
2.902902902902902982e-01 4.036878720562404155e+00
2.912912912912912766e-01 4.022680337995653055e+00
2.922922922922923106e-01 4.008501995488980896e+00
2.932932932932932890e-01 3.994343693042392118e+00
2.942942942942942675e-01 3.980205430655880505e+00
2.952952952952953014e-01 3.966087208329450498e+00
2.962962962962962798e-01 3.951989026063100319e+00
2.972972972972973138e-01 3.937910883856828193e+00
2.982982982982982922e-01 3.923852781710640336e+00
2.992992992992993262e-01 3.909814719624528756e+00
3.003003003003003046e-01 3.895796697598499669e+00
3.013013013013012831e-01 3.881798715632549523e+00
3.023023023023023170e-01 3.867820773726679207e+00
3.033033033033032955e-01 3.853862871880890495e+00
3.043043043043043294e-01 3.839925010095179836e+00
3.053053053053053079e-01 3.826007188369550782e+00
3.063063063063062863e-01 3.812109406704001557e+00
3.073073073073073203e-01 3.798231665098531273e+00
3.083083083083082987e-01 3.784373963553143483e+00
3.093093093093093326e-01 3.770536302067832857e+00
3.103103103103103111e-01 3.756718680642604724e+00
3.113113113113112895e-01 3.742921099277456420e+00
3.123123123123123235e-01 3.729143557972385281e+00
3.133133133133133019e-01 3.715386056727399300e+00
3.143143143143143359e-01 3.701648595542488707e+00
3.153153153153153143e-01 3.687931174417661495e+00
3.163163163163162928e-01 3.674233793352912336e+00
3.173173173173173267e-01 3.660556452348243894e+00
3.183183183183183051e-01 3.646899151403657058e+00
3.193193193193193391e-01 3.633261890519147386e+00
3.203203203203203175e-01 3.619644669694719319e+00
3.213213213213212960e-01 3.606047488930371969e+00
3.223223223223223299e-01 3.592470348226102672e+00
3.233233233233233084e-01 3.578913247581917645e+00
3.243243243243243423e-01 3.565376186997808006e+00
3.253253253253253208e-01 3.551859166473780860e+00
3.263263263263262992e-01 3.538362186009833543e+00
3.273273273273273332e-01 3.524885245605966055e+00
3.283283283283283116e-01 3.511428345262180173e+00
3.293293293293293456e-01 3.497991484978472343e+00
3.303303303303303240e-01 3.484574664754845230e+00
3.313313313313313579e-01 3.471177884591298834e+00
3.323323323323323364e-01 3.457801144487830491e+00
3.333333333333333148e-01 3.444444444444445530e+00
3.343343343343343488e-01 3.431107784461137733e+00
3.353353353353353272e-01 3.417791164537911541e+00
3.363363363363363612e-01 3.404494584674765179e+00
3.373373373373373396e-01 3.391218044871697757e+00
3.383383383383383181e-01 3.377961545128713716e+00
3.393393393393393520e-01 3.364725085445805952e+00
3.403403403403403304e-01 3.351508665822979793e+00
3.413413413413413644e-01 3.338312286260234352e+00
3.423423423423423428e-01 3.325135946757567851e+00
3.433433433433433213e-01 3.311979647314983843e+00
3.443443443443443552e-01 3.298843387932477000e+00
3.453453453453453337e-01 3.285727168610051763e+00
3.463463463463463676e-01 3.272630989347706354e+00
3.473473473473473461e-01 3.259554850145439886e+00
3.483483483483483245e-01 3.246498751003256800e+00
3.493493493493493585e-01 3.233462691921150878e+00
3.503503503503503369e-01 3.220446672899125673e+00
3.513513513513513709e-01 3.207450693937181185e+00
3.523523523523523493e-01 3.194474755035314750e+00
3.533533533533533277e-01 3.181518856193531697e+00
3.543543543543543617e-01 3.168582997411825808e+00
3.553553553553553401e-01 3.155667178690201524e+00
3.563563563563563741e-01 3.142771400028657069e+00
3.573573573573573525e-01 3.129895661427192444e+00
3.583583583583583310e-01 3.117039962885809423e+00
3.593593593593593649e-01 3.104204304404504455e+00
3.603603603603603434e-01 3.091388685983281093e+00
3.613613613613613773e-01 3.078593107622136671e+00
3.623623623623623557e-01 3.065817569321072078e+00
3.633633633633633897e-01 3.053062071080088202e+00
3.643643643643643681e-01 3.040326612899185932e+00
3.653653653653653466e-01 3.027611194778362602e+00
3.663663663663663805e-01 3.014915816717619101e+00
3.673673673673673590e-01 3.002240478716954541e+00
3.683683683683683929e-01 2.989585180776371587e+00
3.693693693693693714e-01 2.976949922895868905e+00
3.703703703703703498e-01 2.964334705075446053e+00
3.713713713713713838e-01 2.951739527315103473e+00
3.723723723723723622e-01 2.939164389614839390e+00
3.733733733733733962e-01 2.926609291974656912e+00
3.743743743743743746e-01 2.914074234394554708e+00
3.753753753753753530e-01 2.901559216874532332e+00
3.763763763763763870e-01 2.889064239414590229e+00
3.773773773773773654e-01 2.876589302014727068e+00
3.783783783783783994e-01 2.864134404674945067e+00
3.793793793793793778e-01 2.851699547395242895e+00
3.803803803803803563e-01 2.839284730175620997e+00
3.813813813813813902e-01 2.826889953016079815e+00
3.823823823823823687e-01 2.814515215916616686e+00
3.833833833833834026e-01 2.802160518877235607e+00
3.843843843843843811e-01 2.789825861897933912e+00
3.853853853853853595e-01 2.777511244978712934e+00
3.863863863863863934e-01 2.765216668119571342e+00
3.873873873873873719e-01 2.752942131320509134e+00
3.883883883883884058e-01 2.740687634581528087e+00
3.893893893893893843e-01 2.728453177902627758e+00
3.903903903903903627e-01 2.716238761283806369e+00
3.913913913913913967e-01 2.704044384725065697e+00
3.923923923923923751e-01 2.691870048226403966e+00
3.933933933933934091e-01 2.679715751787823841e+00
3.943943943943943875e-01 2.667581495409323544e+00
3.953953953953954215e-01 2.655467279090901300e+00
3.963963963963963999e-01 2.643373102832562882e+00
3.973973973973973783e-01 2.631298966634301628e+00
3.983983983983984123e-01 2.619244870496121536e+00
3.993993993993993907e-01 2.607210814418021272e+00
4.004004004004004247e-01 2.595196798400000393e+00
4.014014014014014031e-01 2.583202822442062452e+00
4.024024024024023816e-01 2.571228886544201675e+00
4.034034034034034155e-01 2.559274990706422059e+00
4.044044044044043940e-01 2.547341134928722717e+00
4.054054054054054279e-01 2.535427319211101871e+00
4.064064064064064064e-01 2.523533543553564407e+00
4.074074074074073848e-01 2.511659807956104107e+00
4.084084084084084187e-01 2.499806112418724524e+00
4.094094094094093972e-01 2.487972456941426103e+00
4.104104104104104311e-01 2.476158841524206178e+00
4.114114114114114096e-01 2.464365266167068746e+00
4.124124124124123880e-01 2.452591730870008924e+00
4.134134134134134220e-01 2.440838235633030262e+00
4.144144144144144004e-01 2.429104780456131873e+00
4.154154154154154344e-01 2.417391365339312426e+00
4.164164164164164128e-01 2.405697990282575915e+00
4.174174174174173912e-01 2.394024655285916126e+00
4.184184184184184252e-01 2.382371360349338385e+00
4.194194194194194036e-01 2.370738105472840473e+00
4.204204204204204376e-01 2.359124890656421503e+00
4.214214214214214160e-01 2.347531715900085025e+00
4.224224224224224500e-01 2.335958581203826157e+00
4.234234234234234284e-01 2.324405486567648893e+00
4.244244244244244069e-01 2.312872431991551458e+00
4.254254254254254408e-01 2.301359417475532965e+00
4.264264264264264193e-01 2.289866443019596964e+00
4.274274274274274532e-01 2.278393508623738573e+00
4.284284284284284317e-01 2.266940614287961342e+00
4.294294294294294101e-01 2.255507760012264384e+00
4.304304304304304440e-01 2.244094945796646812e+00
4.314314314314314225e-01 2.232702171641111288e+00
4.324324324324324564e-01 2.221329437545653818e+00
4.334334334334334349e-01 2.209976743510277064e+00
4.344344344344344133e-01 2.198644089534980584e+00
4.354354354354354473e-01 2.187331475619763044e+00
4.364364364364364257e-01 2.176038901764628442e+00
4.374374374374374597e-01 2.164766367969571004e+00
4.384384384384384381e-01 2.153513874234594727e+00
4.394394394394394165e-01 2.142281420559698724e+00
4.404404404404404505e-01 2.131069006944882105e+00
4.414414414414414289e-01 2.119876633390147980e+00
4.424424424424424629e-01 2.108704299895491019e+00
4.434434434434434413e-01 2.097552006460915219e+00
4.444444444444444198e-01 2.086419753086420137e+00
4.454454454454454537e-01 2.075307539772003551e+00
4.464464464464464322e-01 2.064215366517669459e+00
4.474474474474474661e-01 2.053143233323413419e+00
4.484484484484484446e-01 2.042091140189238097e+00
4.494494494494494230e-01 2.031059087115143491e+00
4.504504504504504570e-01 2.020047074101127826e+00
4.514514514514514354e-01 2.009055101147193767e+00
4.524524524524524693e-01 1.998083168253338204e+00
4.534534534534534478e-01 1.987131275419563803e+00
4.544544544544544817e-01 1.976199422645869230e+00
4.554554554554554602e-01 1.965287609932254043e+00
4.564564564564564386e-01 1.954395837278720904e+00
4.574574574574574726e-01 1.943524104685265819e+00
4.584584584584584510e-01 1.932672412151891450e+00
4.594594594594594850e-01 1.921840759678597799e+00
4.604604604604604634e-01 1.911029147265382644e+00
4.614614614614614418e-01 1.900237574912250427e+00
4.624624624624624758e-01 1.889466042619195374e+00
4.634634634634634542e-01 1.878714550386222371e+00
4.644644644644644882e-01 1.867983098213328752e+00
4.654654654654654666e-01 1.857271686100514074e+00
4.664664664664664451e-01 1.846580314047782334e+00
4.674674674674674790e-01 1.835908982055128202e+00
4.684684684684684575e-01 1.825257690122555232e+00
4.694694694694694914e-01 1.814626438250062535e+00
4.704704704704704699e-01 1.804015226437648334e+00
4.714714714714714483e-01 1.793424054685316626e+00
4.724724724724724823e-01 1.782852922993063416e+00
4.734734734734734607e-01 1.772301831360890478e+00
4.744744744744744946e-01 1.761770779788798258e+00
4.754754754754754731e-01 1.751259768276784534e+00
4.764764764764764515e-01 1.740768796824854192e+00
4.774774774774774855e-01 1.730297865433000570e+00
4.784784784784784639e-01 1.719846974101228554e+00
4.794794794794794979e-01 1.709416122829536810e+00
4.804804804804804763e-01 1.699005311617923564e+00
4.814814814814814548e-01 1.688614540466392810e+00
4.824824824824824887e-01 1.678243809374940554e+00
4.834834834834834671e-01 1.667893118343569014e+00
4.844844844844845011e-01 1.657562467372277304e+00
4.854854854854854795e-01 1.647251856461065422e+00
4.864864864864865135e-01 1.636961285609933814e+00
4.874874874874874919e-01 1.626690754818882922e+00
4.884884884884884704e-01 1.616440264087911860e+00
4.894894894894895043e-01 1.606209813417020627e+00
4.904904904904904828e-01 1.595999402806208778e+00
4.914914914914915167e-01 1.585809032255478535e+00
4.924924924924924952e-01 1.575638701764828120e+00
4.934934934934934736e-01 1.565488411334257535e+00
4.944944944944945076e-01 1.555358160963767222e+00
4.954954954954954860e-01 1.545247950653355407e+00
4.964964964964965199e-01 1.535157780403025640e+00
4.974974974974974984e-01 1.525087650212775703e+00
4.984984984984984768e-01 1.515037560082605150e+00
4.994994994994995108e-01 1.505007510012515315e+00
5.005005005005005447e-01 1.494997500002504420e+00
5.015015015015015232e-01 1.485007530052574687e+00
5.025025025025025016e-01 1.475037600162725226e+00
5.035035035035034801e-01 1.465087710332955595e+00
5.045045045045044585e-01 1.455157860563266681e+00
5.055055055055055480e-01 1.445248050853656263e+00
5.065065065065065264e-01 1.435358281204127007e+00
5.075075075075075048e-01 1.425488551614677579e+00
5.085085085085084833e-01 1.415638862085308425e+00
5.095095095095094617e-01 1.405809212616019988e+00
5.105105105105105512e-01 1.395999603206810047e+00
5.115115115115115296e-01 1.386210033857681267e+00
5.125125125125125081e-01 1.376440504568632761e+00
5.135135135135134865e-01 1.366691015339664084e+00
5.145145145145144649e-01 1.356961566170775679e+00
5.155155155155155544e-01 1.347252157061966216e+00
5.165165165165165329e-01 1.337562788013238357e+00
5.175175175175175113e-01 1.327893459024590328e+00
5.185185185185184897e-01 1.318244170096022128e+00
5.195195195195194682e-01 1.308614921227534200e+00
5.205205205205205576e-01 1.299005712419125658e+00
5.215215215215215361e-01 1.289416543670797832e+00
5.225225225225225145e-01 1.279847414982550280e+00
5.235235235235234930e-01 1.270298326354382557e+00
5.245245245245244714e-01 1.260769277786295106e+00
5.255255255255255609e-01 1.251260269278287041e+00
5.265265265265265393e-01 1.241771300830359692e+00
5.275275275275275177e-01 1.232302372442512617e+00
5.285285285285284962e-01 1.222853484114745815e+00
5.295295295295294746e-01 1.213424635847058841e+00
5.305305305305305641e-01 1.204015827639450809e+00
5.315315315315315425e-01 1.194627059491924381e+00
5.325325325325325210e-01 1.185258331404477783e+00
5.335335335335334994e-01 1.175909643377111014e+00
5.345345345345345889e-01 1.166580995409823629e+00
5.355355355355355673e-01 1.157272387502617406e+00
5.365365365365365458e-01 1.147983819655491011e+00
5.375375375375375242e-01 1.138715291868445334e+00
5.385385385385385026e-01 1.129466804141479042e+00
5.395395395395395921e-01 1.120238356474592134e+00
5.405405405405405705e-01 1.111029948867786388e+00
5.415415415415415490e-01 1.101841581321060914e+00
5.425425425425425274e-01 1.092673253834415270e+00
5.435435435435435059e-01 1.083524966407849455e+00
5.445445445445445953e-01 1.074396719041363024e+00
5.455455455455455738e-01 1.065288511734957755e+00
5.465465465465465522e-01 1.056200344488632759e+00
5.475475475475475307e-01 1.047132217302387591e+00
5.485485485485485091e-01 1.038084130176222697e+00
5.495495495495495986e-01 1.029056083110136743e+00
5.505505505505505770e-01 1.020048076104131951e+00
5.515515515515515554e-01 1.011060109158207432e+00
5.525525525525525339e-01 1.002092182272362741e+00
5.535535535535535123e-01 9.931442954465981021e-01
5.545545545545546018e-01 9.842164486809128476e-01
5.555555555555555802e-01 9.753086419753085323e-01
5.565565565565565587e-01 9.664208753297842680e-01
5.575575575575575371e-01 9.575531487443400547e-01
5.585585585585585155e-01 9.487054622189761144e-01
5.595595595595596050e-01 9.398778157536911149e-01
5.605605605605605835e-01 9.310702093484874986e-01
5.615615615615615619e-01 9.222826430033637113e-01
5.625625625625625403e-01 9.135151167183201970e-01
5.635635635635635188e-01 9.047676304933567337e-01
5.645645645645646082e-01 8.960401843284722112e-01
5.655655655655655867e-01 8.873327782236690719e-01
5.665665665665665651e-01 8.786454121789455396e-01
5.675675675675675436e-01 8.699780861943027244e-01
5.685685685685685220e-01 8.613308002697395160e-01
5.695695695695696115e-01 8.527035544052559146e-01
5.705705705705705899e-01 8.440963486008530303e-01
5.715715715715715683e-01 8.355091828565304191e-01
5.725725725725725468e-01 8.269420571722876367e-01
5.735735735735735252e-01 8.183949715481251275e-01
5.745745745745746147e-01 8.098679259840415590e-01
5.755755755755755931e-01 8.013609204800393737e-01
5.765765765765765716e-01 7.928739550361172395e-01
5.775775775775775500e-01 7.844070296522751562e-01
5.785785785785785285e-01 7.759601443285131239e-01
5.795795795795796179e-01 7.675332990648300324e-01
5.805805805805805964e-01 7.591264938612283242e-01
5.815815815815815748e-01 7.507397287177068890e-01
5.825825825825825532e-01 7.423730036342652827e-01
5.835835835835835317e-01 7.340263186109037274e-01
5.845845845845846211e-01 7.256996736476213350e-01
5.855855855855855996e-01 7.173930687444198817e-01
5.865865865865865780e-01 7.091065039012987015e-01
5.875875875875875565e-01 7.008399791182577943e-01
5.885885885885885349e-01 6.925934943952967160e-01
5.895895895895896244e-01 6.843670497324148005e-01
5.905905905905906028e-01 6.761606451296140463e-01
5.915915915915915813e-01 6.679742805868933431e-01
5.925925925925925597e-01 6.598079561042529129e-01
5.935935935935935381e-01 6.516616716816920896e-01
5.945945945945946276e-01 6.435354273192106511e-01
5.955955955955956060e-01 6.354292230168105959e-01
5.965965965965965845e-01 6.273430587744903697e-01
5.975975975975975629e-01 6.192769345922504165e-01
5.985985985985986524e-01 6.112308504700891820e-01
5.995995995995996308e-01 6.032048064080093308e-01
6.006006006006006093e-01 5.951988024060095306e-01
6.016016016016015877e-01 5.872128384640897814e-01
6.026026026026025662e-01 5.792469145822503052e-01
6.036036036036036556e-01 5.713010307604899918e-01
6.046046046046046341e-01 5.633751869988103955e-01
6.056056056056056125e-01 5.554693832972110723e-01
6.066066066066065909e-01 5.475836196556920221e-01
6.076076076076075694e-01 5.397178960742528009e-01
6.086086086086086588e-01 5.318722125528927425e-01
6.096096096096096373e-01 5.240465690916138453e-01
6.106106106106106157e-01 5.162409656904152211e-01
6.116116116116115942e-01 5.084554023492962038e-01
6.126126126126125726e-01 5.006898790682576816e-01
6.136136136136136621e-01 4.929443958472985443e-01
6.146146146146146405e-01 4.852189526864199021e-01
6.156156156156156189e-01 4.775135495856217549e-01
6.166166166166165974e-01 4.698281865449034367e-01
6.176176176176175758e-01 4.621628635642651695e-01
6.186186186186186653e-01 4.545175806437062871e-01
6.196196196196196437e-01 4.468923377832285659e-01
6.206206206206206222e-01 4.392871349828306737e-01
6.216216216216216006e-01 4.317019722425128325e-01
6.226226226226225791e-01 4.241368495622752643e-01
6.236236236236236685e-01 4.165917669421168590e-01
6.246246246246246470e-01 4.090667243820396148e-01
6.256256256256256254e-01 4.015617218820421996e-01
6.266266266266266038e-01 3.940767594421248354e-01
6.276276276276275823e-01 3.866118370622879663e-01
6.286286286286286717e-01 3.791669547425300379e-01
6.296296296296296502e-01 3.717421124828530488e-01
6.306306306306306286e-01 3.643373102832563326e-01
6.316316316316316071e-01 3.569525481437394454e-01
6.326326326326325855e-01 3.495878260643028312e-01
6.336336336336336750e-01 3.422431440449456019e-01
6.346346346346346534e-01 3.349185020856690898e-01
6.356356356356356319e-01 3.276139001864728506e-01
6.366366366366366103e-01 3.203293383473566625e-01
6.376376376376375887e-01 3.130648165683203032e-01
6.386386386386386782e-01 3.058203348493635509e-01
6.396396396396396566e-01 2.985958931904875158e-01
6.406406406406406351e-01 2.913914915916917536e-01
6.416416416416416135e-01 2.842071300529762645e-01
6.426426426426425920e-01 2.770428085743403823e-01
6.436436436436436814e-01 2.698985271557841070e-01
6.446446446446446599e-01 2.627742857973087709e-01
6.456456456456456383e-01 2.556700844989132637e-01
6.466466466466466168e-01 2.485859232605980296e-01
6.476476476476475952e-01 2.415218020823630685e-01
6.486486486486486847e-01 2.344777209642070481e-01
6.496496496496496631e-01 2.274536799061321890e-01
6.506506506506506415e-01 2.204496789081373809e-01
6.516516516516516200e-01 2.134657179702226237e-01
6.526526526526525984e-01 2.065017970923879176e-01
6.536536536536536879e-01 1.995579162746328183e-01
6.546546546546546663e-01 1.926340755169582142e-01
6.556556556556556448e-01 1.857302748193641051e-01
6.566566566566566232e-01 1.788465141818498250e-01
6.576576576576577127e-01 1.719827936044149297e-01
6.586586586586586911e-01 1.651391130870609736e-01
6.596596596596596696e-01 1.583154726297868464e-01
6.606606606606606480e-01 1.515118722325929923e-01
6.616616616616616264e-01 1.447283118954794112e-01
6.626626626626627159e-01 1.379647916184447709e-01
6.636636636636636943e-01 1.312213114014915138e-01
6.646646646646646728e-01 1.244978712446180857e-01
6.656656656656656512e-01 1.177944711478247086e-01
6.666666666666666297e-01 1.111111111111113825e-01
6.676676676676677191e-01 1.044477911344774412e-01
6.686686686686686976e-01 9.780451121792443914e-02
6.696696696696696760e-01 9.118127136145148803e-02
6.706706706706706544e-01 8.457807156505858792e-02
6.716716716716716329e-01 7.799491182874596085e-02
6.726726726726727223e-01 7.143179215251249659e-02
6.736736736736737008e-01 6.488871253635997149e-02
6.746746746746746792e-01 5.836567298028771944e-02
6.756756756756756577e-01 5.186267348429529633e-02
6.766766766766766361e-01 4.537971404838292422e-02
6.776776776776777256e-01 3.891679467255015901e-02
6.786786786786787040e-01 3.247391535679811092e-02
6.796796796796796825e-01 2.605107610112611383e-02
6.806806806806806609e-01 1.964827690553416772e-02
6.816816816816816393e-01 1.326551777002249466e-02
6.826826826826827288e-01 6.902798694590206452e-03
6.836836836836837072e-01 5.601196792386353707e-04
6.846846846846846857e-01 -5.762519276032773696e-03
6.856856856856856641e-01 -1.206511817122413177e-02
6.866866866866866426e-01 -1.834767700633532783e-02
6.876876876876877320e-01 -2.461019578136725006e-02
6.886886886886887105e-01 -3.085267449631823311e-02
6.896896896896896889e-01 -3.707511315118927619e-02
6.906906906906906674e-01 -4.327751174598004624e-02
6.916916916916916458e-01 -4.945987028069076530e-02
6.926926926926927353e-01 -5.562218875532221052e-02
6.936936936936937137e-01 -6.176446716987271657e-02
6.946946946946946921e-01 -6.788670552434306060e-02
6.956956956956956706e-01 -7.398890381873357569e-02
6.966966966966966490e-01 -8.007106205304381774e-02
6.976976976976977385e-01 -8.613318022727467493e-02
6.986986986986987169e-01 -9.217525834142459296e-02
6.996996996996996954e-01 -9.819729639549468203e-02
7.007007007007006738e-01 -1.041992943894843870e-01
7.017017017017016522e-01 -1.101812523233942631e-01
7.027027027027027417e-01 -1.161431701972245323e-01
7.037037037037037202e-01 -1.220850480109739733e-01
7.047047047047046986e-01 -1.280068857646434743e-01
7.057057057057056770e-01 -1.339086834582328134e-01
7.067067067067066555e-01 -1.397904410917421014e-01
7.077077077077077449e-01 -1.456521586651718936e-01
7.087087087087087234e-01 -1.514938361785209686e-01
7.097097097097097018e-01 -1.573154736317898816e-01
7.107107107107106803e-01 -1.631170710249787437e-01
7.117117117117116587e-01 -1.688986283580875547e-01
7.127127127127127482e-01 -1.746601456311167588e-01
7.137137137137137266e-01 -1.804016228440653569e-01
7.147147147147147050e-01 -1.861230599969339039e-01
7.157157157157156835e-01 -1.918244570897221779e-01
7.167167167167166619e-01 -1.975058141224304009e-01
7.177177177177177514e-01 -2.031671310950592391e-01
7.187187187187187298e-01 -2.088084080076072491e-01
7.197197197197197083e-01 -2.144296448600753191e-01
7.207207207207206867e-01 -2.200308416524630051e-01
7.217217217217217762e-01 -2.256119983847715282e-01
7.227227227227227546e-01 -2.311731150569991122e-01
7.237237237237237331e-01 -2.367141916691466452e-01
7.247247247247247115e-01 -2.422352282212141272e-01
7.257257257257256899e-01 -2.477362247132015582e-01
7.267267267267267794e-01 -2.532171811451092713e-01
7.277277277277277578e-01 -2.586780975169364893e-01
7.287287287287287363e-01 -2.641189738286835453e-01
7.297297297297297147e-01 -2.695398100803505503e-01
7.307307307307306932e-01 -2.749406062719373933e-01
7.317317317317317826e-01 -2.803213624034447404e-01
7.327327327327327611e-01 -2.856820784748714814e-01
7.337337337337337395e-01 -2.910227544862179494e-01
7.347347347347347180e-01 -2.963433904374843664e-01
7.357357357357356964e-01 -3.016439863286708434e-01
7.367367367367367859e-01 -3.069245421597777135e-01
7.377377377377377643e-01 -3.121850579308038665e-01
7.387387387387387427e-01 -3.174255336417498574e-01
7.397397397397397212e-01 -3.226459692926157974e-01
7.407407407407406996e-01 -3.278463648834017974e-01
7.417417417417417891e-01 -3.330267204141080795e-01
7.427427427427427675e-01 -3.381870358847336444e-01
7.437437437437437460e-01 -3.433273112952792694e-01
7.447447447447447244e-01 -3.484475466457448434e-01
7.457457457457457028e-01 -3.535477419361301443e-01
7.467467467467467923e-01 -3.586278971664359494e-01
7.477477477477477708e-01 -3.636880123366611484e-01
7.487487487487487492e-01 -3.687280874468060743e-01
7.497497497497497276e-01 -3.737481224968711713e-01
7.507507507507507061e-01 -3.787481174868559952e-01
7.517517517517517955e-01 -3.837280724167613233e-01
7.527527527527527740e-01 -3.886879872865859342e-01
7.537537537537537524e-01 -3.936278620963306052e-01
7.547547547547547309e-01 -3.985476968459950031e-01
7.557557557557557093e-01 -4.034474915355793501e-01
7.567567567567567988e-01 -4.083272461650842011e-01
7.577577577577577772e-01 -4.131869607345084461e-01
7.587587587587587556e-01 -4.180266352438524180e-01
7.597597597597597341e-01 -4.228462696931164500e-01
7.607607607607607125e-01 -4.276458640823003199e-01
7.617617617617618020e-01 -4.324254184114045829e-01
7.627627627627627804e-01 -4.371849326804282398e-01
7.637637637637637589e-01 -4.419244068893718458e-01
7.647647647647647373e-01 -4.466438410382352897e-01
7.657657657657657158e-01 -4.513432351270186826e-01
7.667667667667668052e-01 -4.560225891557224687e-01
7.677677677677677837e-01 -4.606819031243456486e-01
7.687687687687687621e-01 -4.653211770328886665e-01
7.697697697697697405e-01 -4.699404108813516334e-01
7.707707707707707190e-01 -4.745396046697345493e-01
7.717717717717718084e-01 -4.791187583980378584e-01
7.727727727727727869e-01 -4.836778720662605613e-01
7.737737737737737653e-01 -4.882169456744031022e-01
7.747747747747747438e-01 -4.927359792224654811e-01
7.757757757757757222e-01 -4.972349727104479200e-01
7.767767767767768117e-01 -5.017139261383507520e-01
7.777777777777777901e-01 -5.061728395061728669e-01
7.787787787787787686e-01 -5.106117128139149308e-01
7.797797797797797470e-01 -5.150305460615769437e-01
7.807807807807807254e-01 -5.194293392491589056e-01
7.817817817817818149e-01 -5.238080923766610386e-01
7.827827827827827933e-01 -5.281668054440826765e-01
7.837837837837837718e-01 -5.325054784514242634e-01
7.847847847847847502e-01 -5.368241113986857993e-01
7.857857857857858397e-01 -5.411227042858677283e-01
7.867867867867868181e-01 -5.454012571129689402e-01
7.877877877877877966e-01 -5.496597698799901011e-01
7.887887887887887750e-01 -5.538982425869312110e-01
7.897897897897897534e-01 -5.581166752337921588e-01
7.907907907907908429e-01 -5.623150678205734998e-01
7.917917917917918214e-01 -5.664934203472742347e-01
7.927927927927927998e-01 -5.706517328138950296e-01
7.937937937937937782e-01 -5.747900052204355514e-01
7.947947947947947567e-01 -5.789082375668961333e-01
7.957957957957958461e-01 -5.830064298532768863e-01
7.967967967967968246e-01 -5.870845820795771441e-01
7.977977977977978030e-01 -5.911426942457973510e-01
7.987987987987987815e-01 -5.951807663519373959e-01
7.997997997997997599e-01 -5.991987983979973897e-01
8.008008008008008494e-01 -6.031967903839776657e-01
8.018018018018018278e-01 -6.071747423098774465e-01
8.028028028028028062e-01 -6.111326541756971764e-01
8.038038038038037847e-01 -6.150705259814368553e-01
8.048048048048047631e-01 -6.189883577270962611e-01
8.058058058058058526e-01 -6.228861494126760601e-01
8.068068068068068310e-01 -6.267639010381753639e-01
8.078078078078078095e-01 -6.306216126035946168e-01
8.088088088088087879e-01 -6.344592841089337076e-01
8.098098098098097664e-01 -6.382769155541926365e-01
8.108108108108108558e-01 -6.420745069393720694e-01
8.118118118118118343e-01 -6.458520582644707853e-01
8.128128128128128127e-01 -6.496095695294894501e-01
8.138138138138137911e-01 -6.533470407344279529e-01
8.148148148148147696e-01 -6.570644718792865158e-01
8.158158158158158590e-01 -6.607618629640653607e-01
8.168168168168168375e-01 -6.644392139887635995e-01
8.178178178178178159e-01 -6.680965249533817873e-01
8.188188188188187944e-01 -6.717337958579199242e-01
8.198198198198197728e-01 -6.753510267023778990e-01
8.208208208208208623e-01 -6.789482174867561559e-01
8.218218218218218407e-01 -6.825253682110539177e-01
8.228228228228228192e-01 -6.860824788752717396e-01
8.238238238238237976e-01 -6.896195494794092884e-01
8.248248248248247760e-01 -6.931365800234667862e-01
8.258258258258258655e-01 -6.966335705074444551e-01
8.268268268268268439e-01 -7.001105209313418509e-01
8.278278278278278224e-01 -7.035674312951589737e-01
8.288288288288288008e-01 -7.070043015988960455e-01
8.298298298298297793e-01 -7.104211318425530663e-01
8.308308308308308687e-01 -7.138179220261303692e-01
8.318318318318318472e-01 -7.171946721496271770e-01
8.328328328328328256e-01 -7.205513822130438228e-01
8.338338338338338041e-01 -7.238880522163804176e-01
8.348348348348347825e-01 -7.272046821596369615e-01
8.358358358358358720e-01 -7.305012720428136763e-01
8.368368368368368504e-01 -7.337778218659100071e-01
8.378378378378378288e-01 -7.370343316289261759e-01
8.388388388388388073e-01 -7.402708013318622937e-01
8.398398398398397857e-01 -7.434872309747182495e-01
8.408408408408408752e-01 -7.466836205574944874e-01
8.418418418418418536e-01 -7.498599700801903412e-01
8.428428428428428321e-01 -7.530162795428060329e-01
8.438438438438438105e-01 -7.561525489453415627e-01
8.448448448448449000e-01 -7.592687782877974856e-01
8.458458458458458784e-01 -7.623649675701729134e-01
8.468468468468468568e-01 -7.654411167924681791e-01
8.478478478478478353e-01 -7.684972259546833939e-01
8.488488488488488137e-01 -7.715332950568184467e-01
8.498498498498499032e-01 -7.745493240988737815e-01
8.508508508508508816e-01 -7.775453130808487323e-01
8.518518518518518601e-01 -7.805212620027435211e-01
8.528528528528528385e-01 -7.834771708645582589e-01
8.538538538538538170e-01 -7.864130396662928346e-01
8.548548548548549064e-01 -7.893288684079475814e-01
8.558558558558558849e-01 -7.922246570895220552e-01
8.568568568568568633e-01 -7.951004057110163670e-01
8.578578578578578417e-01 -7.979561142724305167e-01
8.588588588588588202e-01 -8.007917827737646155e-01
8.598598598598599096e-01 -8.036074112150189963e-01
8.608608608608608881e-01 -8.064029995961928821e-01
8.618618618618618665e-01 -8.091785479172866058e-01
8.628628628628628450e-01 -8.119340561783003896e-01
8.638638638638638234e-01 -8.146695243792340113e-01
8.648648648648649129e-01 -8.173849525200878041e-01
8.658658658658658913e-01 -8.200803406008612129e-01
8.668668668668668698e-01 -8.227556886215544596e-01
8.678678678678678482e-01 -8.254109965821676553e-01
8.688688688688688266e-01 -8.280462644827008001e-01
8.698698698698699161e-01 -8.306614923231541159e-01
8.708708708708708945e-01 -8.332566801035270476e-01
8.718718718718718730e-01 -8.358318278238198173e-01
8.728728728728728514e-01 -8.383869354840325361e-01
8.738738738738738299e-01 -8.409220030841650928e-01
8.748748748748749193e-01 -8.434370306242179316e-01
8.758758758758758978e-01 -8.459320181041902753e-01
8.768768768768768762e-01 -8.484069655240826791e-01
8.778778778778778547e-01 -8.508618728838948098e-01
8.788788788788788331e-01 -8.532967401836268895e-01
8.798798798798799226e-01 -8.557115674232792513e-01
8.808808808808809010e-01 -8.581063546028511180e-01
8.818818818818818794e-01 -8.604811017223429337e-01
8.828828828828828579e-01 -8.628358087817546984e-01
8.838838838838838363e-01 -8.651704757810863011e-01
8.848848848848849258e-01 -8.674851027203380749e-01
8.858858858858859042e-01 -8.697796895995094646e-01
8.868868868868868827e-01 -8.720542364186008033e-01
8.878878878878878611e-01 -8.743087431776119800e-01
8.888888888888888395e-01 -8.765432098765431057e-01
8.898898898898899290e-01 -8.787576365153944025e-01
8.908908908908909074e-01 -8.809520230941653152e-01
8.918918918918918859e-01 -8.831263696128560658e-01
8.928928928928928643e-01 -8.852806760714667655e-01
8.938938938938938428e-01 -8.874149424699974142e-01
8.948948948948949322e-01 -8.895291688084481230e-01
8.958958958958959107e-01 -8.916233550868185587e-01
8.968968968968968891e-01 -8.936975013051089434e-01
8.978978978978978676e-01 -8.957516074633191661e-01
8.988988988988988460e-01 -8.977856735614492267e-01
8.998998998998999355e-01 -8.997996995994994585e-01
9.009009009009009139e-01 -9.017936855774694171e-01
9.019019019019018923e-01 -9.037676314953592138e-01
9.029029029029028708e-01 -9.057215373531689595e-01
9.039039039039038492e-01 -9.076554031508985432e-01
9.049049049049049387e-01 -9.095692288885482979e-01
9.059059059059059171e-01 -9.114630145661176686e-01
9.069069069069068956e-01 -9.133367601836069882e-01
9.079079079079078740e-01 -9.151904657410162569e-01
9.089089089089089635e-01 -9.170241312383455856e-01
9.099099099099099419e-01 -9.188377566755945303e-01
9.109109109109109204e-01 -9.206313420527635349e-01
9.119119119119118988e-01 -9.224048873698522666e-01
9.129129129129128772e-01 -9.241583926268610583e-01
9.139139139139139667e-01 -9.258918578237897989e-01
9.149149149149149451e-01 -9.276052829606383776e-01
9.159159159159159236e-01 -9.292986680374067943e-01
9.169169169169169020e-01 -9.309720130540950489e-01
9.179179179179178805e-01 -9.326253180107033636e-01
9.189189189189189699e-01 -9.342585829072316272e-01
9.199199199199199484e-01 -9.358718077436796179e-01
9.209209209209209268e-01 -9.374649925200475575e-01
9.219219219219219053e-01 -9.390381372363354462e-01
9.229229229229228837e-01 -9.405912418925431728e-01
9.239239239239239732e-01 -9.421243064886709595e-01
9.249249249249249516e-01 -9.436373310247184731e-01
9.259259259259259300e-01 -9.451303155006858248e-01
9.269269269269269085e-01 -9.466032599165732364e-01
9.279279279279278869e-01 -9.480561642723803750e-01
9.289289289289289764e-01 -9.494890285681076847e-01
9.299299299299299548e-01 -9.509018528037547213e-01
9.309309309309309333e-01 -9.522946369793217070e-01
9.319319319319319117e-01 -9.536673810948085306e-01
9.329329329329328901e-01 -9.550200851502151922e-01
9.339339339339339796e-01 -9.563527491455420249e-01
9.349349349349349581e-01 -9.576653730807884735e-01
9.359359359359359365e-01 -9.589579569559549821e-01
9.369369369369369149e-01 -9.602305007710413287e-01
9.379379379379378934e-01 -9.614830045260475133e-01
9.389389389389389828e-01 -9.627154682209737580e-01
9.399399399399399613e-01 -9.639278918558198406e-01
9.409409409409409397e-01 -9.651202754305857612e-01
9.419419419419419182e-01 -9.662926189452715198e-01
9.429429429429428966e-01 -9.674449223998773384e-01
9.439439439439439861e-01 -9.685771857944031060e-01
9.449449449449449645e-01 -9.696894091288486006e-01
9.459459459459459429e-01 -9.707815924032140442e-01
9.469469469469469214e-01 -9.718537356174993258e-01
9.479479479479478998e-01 -9.729058387717045564e-01
9.489489489489489893e-01 -9.739379018658298470e-01
9.499499499499499677e-01 -9.749499248998748646e-01
9.509509509509509462e-01 -9.759419078738398312e-01
9.519519519519519246e-01 -9.769138507877246358e-01
9.529529529529529031e-01 -9.778657536415293894e-01
9.539539539539539925e-01 -9.787976164352540920e-01
9.549549549549549710e-01 -9.797094391688986326e-01
9.559559559559559494e-01 -9.806012218424631222e-01
9.569569569569569278e-01 -9.814729644559474497e-01
9.579579579579579063e-01 -9.823246670093516153e-01
9.589589589589589957e-01 -9.831563295026758409e-01
9.599599599599599742e-01 -9.839679519359199045e-01
9.609609609609609526e-01 -9.847595343090838060e-01
9.619619619619619311e-01 -9.855310766221676566e-01
9.629629629629629095e-01 -9.862825788751714562e-01
9.639639639639639990e-01 -9.870140410680952048e-01
9.649649649649649774e-01 -9.877254632009386803e-01
9.659659659659659559e-01 -9.884168452737021049e-01
9.669669669669669343e-01 -9.890881872863854785e-01
9.679679679679679127e-01 -9.897394892389886900e-01
9.689689689689690022e-01 -9.903707511315119616e-01
9.699699699699699806e-01 -9.909819729639549601e-01
9.709709709709709591e-01 -9.915731547363179077e-01
9.719719719719719375e-01 -9.921442964486006932e-01
9.729729729729730270e-01 -9.926953981008035388e-01
9.739739739739740054e-01 -9.932264596929262224e-01
9.749749749749749839e-01 -9.937374812249687439e-01
9.759759759759759623e-01 -9.942284626969311034e-01
9.769769769769769407e-01 -9.946994041088135230e-01
9.779779779779780302e-01 -9.951503054606157805e-01
9.789789789789790087e-01 -9.955811667523379871e-01
9.799799799799799871e-01 -9.959919879839800316e-01
9.809809809809809655e-01 -9.963827691555419142e-01
9.819819819819819440e-01 -9.967535102670237457e-01
9.829829829829830334e-01 -9.971042113184255262e-01
9.839839839839840119e-01 -9.974348723097471447e-01
9.849849849849849903e-01 -9.977454932409887123e-01
9.859859859859859688e-01 -9.980360741121502288e-01
9.869869869869869472e-01 -9.983066149232315833e-01
9.879879879879880367e-01 -9.985571156742327759e-01
9.889889889889890151e-01 -9.987875763651539174e-01
9.899899899899899935e-01 -9.989979969959950079e-01
9.909909909909909720e-01 -9.991883775667559364e-01
9.919919919919919504e-01 -9.993587180774368139e-01
9.929929929929930399e-01 -9.995090185280375294e-01
9.939939939939940183e-01 -9.996392789185581940e-01
9.949949949949949968e-01 -9.997494992489986965e-01
9.959959959959959752e-01 -9.998396795193591480e-01
9.969969969969969537e-01 -9.999098197296395485e-01
9.979979979979980431e-01 -9.999599198798397870e-01
9.989989989989990216e-01 -9.999899799699599745e-01
1.000000000000000000e+00 -1.000000000000000000e+00