0 0
3.93695e-05 0.140148
7.87391e-05 0.280296
0.000118109 0.420443
0.000157478 0.560591
0.000196848 0.700739
0.000236217 0.840887
0.000275587 0.981035
0.000314956 1.12118
0.000354326 1.26133
0.000393695 1.40148
0.000433065 1.54163
0.000472434 1.68177
0.000511804 1.82192
0.000551173 1.96207
0.000590543 2.10222
0.000629912 2.24237
0.000669282 2.38251
0.000708651 2.52266
0.000748021 2.66281
0.000787391 2.80296
0.00082676 2.9431
0.00086613 3.08325
0.000905499 3.2234
0.000944869 3.36355
0.000984238 3.5037
0.00102361 3.64384
0.00106298 3.78399
0.00110235 3.92414
0.00114172 4.06429
0.00118109 4.20443
0.00122046 4.34458
0.00125982 4.48473
0.00129919 4.62488
0.00133856 4.76503
0.00137793 4.90517
0.0014173 5.04532
0.00145667 5.18547
0.00149604 5.32562
0.00153541 5.46576
0.00157478 5.60591
0.00161415 5.74606
0.00165352 5.88621
0.00169289 6.02636
0.00173226 6.1665
0.00177163 6.30665
0.001811 6.4468
0.00185037 6.58695
0.00188974 6.7271
0.00192911 6.86724
0.00196848 7.00739
0.00200785 7.14754
0.00204722 7.28769
0.00208658 7.42783
0.00212595 7.56798
0.00216532 7.70813
0.00220469 7.84828
0.00224406 7.98843
0.00228343 8.12857
0.0023228 8.26872
0.00236217 8.40887
0.00240154 8.54902
0.00244091 8.68916
0.00248028 8.82931
0.00251965 8.96946
0.00255902 9.10961
0.00259839 9.24976
0.00263776 9.3899
0.00267713 9.53005
0.0027165 9.6702
0.00275587 9.81035
0.00279524 9.95049
0.00283461 10.0906
0.00287398 10.2308
0.00291334 10.3709
0.00295271 10.5111
0.00299208 10.6512
0.00303145 10.7914
0.00307082 10.9315
0.00311019 11.0717
0.00314956 11.2118
0.00318893 11.352
0.0032283 11.4921
0.00326767 11.6323
0.00330704 11.7724
0.00334641 11.9126
0.00338578 12.0527
0.00342515 12.1929
0.00346452 12.333
0.00350389 12.4732
0.00354326 12.6133
0.00358263 12.7535
0.003622 12.8936
0.00366137 13.0337
0.00370074 13.1739
0.0037401 13.314
0.00377947 13.4542
0.00381884 13.5943
0.00385821 13.7345
0.00389758 13.8746
0.00393695 14.0148
0.00397632 14.1549
0.00401569 14.2951
0.00405506 14.4352
0.00409443 14.5754
0.0041338 14.7155
0.00417317 14.8557
0.00421254 14.9958
0.00425191 15.136
0.00429128 15.2761
0.00433065 15.4163
0.00437002 15.5564
0.00440939 15.6966
0.00444876 15.8367
0.00448813 15.9769
0.0045275 16.117
0.00456687 16.2571
0.00460623 16.3973
0.0046456 16.5374
0.00468497 16.6776
0.00472434 16.8177
0.00476371 16.9579
0.00480308 17.098
0.00484245 17.2382
0.00488182 17.3783
0.00492119 17.5185
0.00496056 17.6586
0.00499993 17.7988
0.0050393 17.9389
0.00507867 18.0791
0.00511804 18.2192
0.00515741 18.3594
0.00519678 18.4995
0.00523615 18.6397
0.00527552 18.7798
0.00531489 18.92
0.00535426 19.0601
0.00539363 19.2003
0.00543299 19.3404
0.00547236 19.4805
0.00551173 19.6207
0.0055511 19.7608
0.00559047 19.901
0.00562984 20.0411
0.00566921 20.1813
0.00570858 20.3214
0.00574795 20.4616
0.00578732 20.6017
0.00582669 20.7419
0.00586606 20.882
0.00590543 21.0222
0.0059448 21.1623
0.00598417 21.3025
0.00602354 21.4426
0.00606291 21.5828
0.00610228 21.7229
0.00614165 21.8631
0.00618102 22.0032
0.00622039 22.1434
0.00625975 22.2835
0.00629912 22.4237
0.00633849 22.5638
0.00637786 22.7039
0.00641723 22.8441
0.0064566 22.9842
0.00649597 23.1244
0.00653534 23.2645
0.00657471 23.4047
0.00661408 23.5448
0.00665345 23.685
0.00669282 23.8251
0.00673219 23.9653
0.00677156 24.1054
0.00681093 24.2456
0.0068503 24.3857
0.00688967 24.5259
0.00692904 24.666
0.00696841 24.8062
0.00700778 24.9463
0.00704715 25.0865
0.00708651 25.2266
0.00712588 25.3668
0.00716525 25.5069
0.00720462 25.647
0.00724399 25.7872
0.00728336 25.9273
0.00732273 26.0675
0.0073621 26.2076
0.00740147 26.3478
0.00744084 26.4879
0.00748021 26.6281
0.00751958 26.7682
0.00755895 26.9084
0.00759832 27.0485
0.00763769 27.1887
0.00767706 27.3288
0.00771643 27.469
0.0077558 27.6091
0.00779517 27.7493
0.00783454 27.8894
0.00787391 28.0296
0.00791327 28.1697
0.00795264 28.3099
0.00799201 28.45
0.00803138 28.5902
0.00807075 28.7303
0.00811012 28.8704
0.00814949 29.0106
0.00818886 29.1507
0.00822823 29.2909
0.0082676 29.431
0.00830697 29.5712
0.00834634 29.7113
0.00838571 29.8515
0.00842508 29.9916
0.00846445 30.1318
0.00850382 30.2719
0.00854319 30.4121
0.00858256 30.5522
0.00862193 30.6924
0.0086613 30.8325
0.00870067 30.9727
0.00874003 31.1128
0.0087794 31.253
0.00881877 31.3931
0.00885814 31.5333
0.00889751 31.6734
0.00893688 31.8136
0.00897625 31.9537
0.00901562 32.0938
0.00905499 32.234
0.00909436 32.3741
0.00913373 32.5143
0.0091731 32.6544
0.00921247 32.7946
0.00925184 32.9347
0.00929121 33.0749
0.00933058 33.215
0.00936995 33.3552
0.00940932 33.4953
0.00944869 33.6355
0.00948806 33.7756
0.00952743 33.9158
0.00956679 34.0559
0.00960616 34.1961
0.00964553 34.3362
0.0096849 34.4764
0.00972427 34.6165
0.00976364 34.7567
0.00980301 34.8968
0.00984238 35.037
0.00988175 35.1771
0.00992112 35.3172
0.00996049 35.4574
0.00999986 35.5975
0.0100392 35.7377
0.0100786 35.8778
0.010118 36.018
0.0101573 36.1581
0.0101967 36.2983
0.0102361 36.4384
0.0102754 36.5786
0.0103148 36.7187
0.0103542 36.8589
0.0103936 36.999
0.0104329 37.1392
0.0104723 37.2793
0.0105117 37.4195
0.010551 37.5596
0.0105904 37.6998
0.0106298 37.8399
0.0106691 37.9801
0.0107085 38.1202
0.0107479 38.2604
0.0107873 38.4005
0.0108266 38.5406
0.010866 38.6808
0.0109054 38.8209
0.0109447 38.9611
0.0109841 39.1012
0.0110235 39.2414
0.0110628 39.3815
0.0111022 39.5217
0.0111416 39.6618
0.0111809 39.802
0.0112203 39.9421
0.0112597 40.0823
0.0112991 40.2224
0.0113384 40.3626
0.0113778 40.5027
0.0114172 40.6429
0.0114565 40.783
0.0114959 40.9232
0.0115353 41.0633
0.0115746 41.2035
0.011614 41.3436
0.0116534 41.4838
0.0116927 41.6239
0.0117321 41.764
0.0117715 41.9042
0.0118109 42.0443
0.0118502 42.1845
0.0118896 42.3246
0.011929 42.4648
0.0119683 42.6049
0.0120077 42.7451
0.0120471 42.8852
0.0120864 43.0254
0.0121258 43.1655
0.0121652 43.3057
0.0122046 43.4458
0.0122439 43.586
0.0122833 43.7261
0.0123227 43.8663
0.012362 44.0064
0.0124014 44.1466
0.0124408 44.2867
0.0124801 44.4269
0.0125195 44.567
0.0125589 44.7072
0.0125982 44.8473
0.0126376 44.9874
0.012677 45.1276
0.0127164 45.2677
0.0127557 45.4079
0.0127951 45.548
0.0128345 45.6882
0.0128738 45.8283
0.0129132 45.9685
0.0129526 46.1086
0.0129919 46.2488
0.0130313 46.3889
0.0130707 46.5291
0.0131101 46.6692
0.0131494 46.8094
0.0131888 46.9495
0.0132282 47.0897
0.0132675 47.2298
0.0133069 47.37
0.0133463 47.5101
0.0133856 47.6503
0.013425 47.7904
0.0134644 47.9306
0.0135037 48.0707
0.0135431 48.2108
0.0135825 48.351
0.0136219 48.4911
0.0136612 48.6313
0.0137006 48.7714
0.01374 48.9116
0.0137793 49.0517
0.0138187 49.1919
0.0138581 49.332
0.0138974 49.4722
0.0139368 49.6123
0.0139762 49.7525
0.0140156 49.8926
0.0140549 50.0328
0.0140943 50.1729
0.0141337 50.3131
0.014173 50.4532
0.0142124 50.5934
0.0142518 50.7335
0.0142911 50.8737
0.0143305 51.0138
0.0143699 51.154
0.0144092 51.2941
0.0144486 51.4342
0.014488 51.5744
0.0145274 51.7145
0.0145667 51.8547
0.0146061 51.9948
0.0146455 52.135
0.0146848 52.2751
0.0147242 52.4153
0.0147636 52.5554
0.0148029 52.6956
0.0148423 52.8357
0.0148817 52.9759
0.0149211 53.116
0.0149604 53.2562
0.0149998 53.3963
0.0150392 53.5365
0.0150785 53.6766
0.0151179 53.8168
0.0151573 53.9569
0.0151966 54.0971
0.015236 54.2372
0.0152754 54.3774
0.0153147 54.5175
0.0153541 54.6576
0.0153935 54.7978
0.0154329 54.9379
0.0154722 55.0781
0.0155116 55.2182
0.015551 55.3584
0.0155903 55.4985
0.0156297 55.6387
0.0156691 55.7788
0.0157084 55.919
0.0157478 56.0591
0.0157872 56.1993
0.0158265 56.3394
0.0158659 56.4796
0.0159053 56.6197
0.0159447 56.7599
0.015984 56.9
0.0160234 57.0402
0.0160628 57.1803
0.0161021 57.3205
0.0161415 57.4606
0.0161809 57.6008
0.0162202 57.7409
0.0162596 57.881
0.016299 58.0212
0.0163384 58.1613
0.0163777 58.3015
0.0164171 58.4416
0.0164565 58.5818
0.0164958 58.7219
0.0165352 58.8621
0.0165746 59.0022
0.0166139 59.1424
0.0166533 59.2825
0.0166927 59.4227
0.016732 59.5628
0.0167714 59.703
0.0168108 59.8431
0.0168502 59.9833
0.0168895 60.1234
0.0169289 60.2636
0.0169683 60.4037
0.0170076 60.5439
0.017047 60.684
0.0170864 60.8242
0.0171257 60.9643
0.0171651 61.1044
0.0172045 61.2446
0.0172439 61.3847
0.0172832 61.5249
0.0173226 61.665
0.017362 61.8052
0.0174013 61.9453
0.0174407 62.0855
0.0174801 62.2256
0.0175194 62.3658
0.0175588 62.5059
0.0175982 62.6461
0.0176375 62.7862
0.0176769 62.9264
0.0177163 63.0665
0.0177557 63.2067
0.017795 63.3468
0.0178344 63.487
0.0178738 63.6271
0.0179131 63.7673
0.0179525 63.9074
0.0179919 64.0476
0.0180312 64.1877
0.0180706 64.3278
0.01811 64.468
0.0181494 64.6081
0.0181887 64.7483
0.0182281 64.8884
0.0182675 65.0286
0.0183068 65.1687
0.0183462 65.3089
0.0183856 65.449
0.0184249 65.5892
0.0184643 65.7293
0.0185037 65.8695
0.018543 66.0096
0.0185824 66.1498
0.0186218 66.2899
0.0186612 66.4301
0.0187005 66.5702
0.0187399 66.7104
0.0187793 66.8505
0.0188186 66.9907
0.018858 67.1308
0.0188974 67.271
0.0189367 67.4111
0.0189761 67.5512
0.0190155 67.6914
0.0190549 67.8315
0.0190942 67.9717
0.0191336 68.1118
0.019173 68.252
0.0192123 68.3921
0.0192517 68.5323
0.0192911 68.6724
0.0193304 68.8126
0.0193698 68.9527
0.0194092 69.0929
0.0194485 69.233
0.0194879 69.3732
0.0195273 69.5133
0.0195667 69.6535
0.019606 69.7936
0.0196454 69.9338
0.0196848 70.0739
0.0197241 70.2141
0.0197635 70.3542
0.0198029 70.4944
0.0198422 70.6345
0.0198816 70.7746
0.019921 70.9148
0.0199603 71.0549
0.0199997 71.1951
0.0200391 71.3352
0.0200785 71.4754
0.0201178 71.6155
0.0201572 71.7557
0.0201966 71.8958
0.0202359 72.036
0.0202753 72.1761
0.0203147 72.3163
0.020354 72.4564
0.0203934 72.5966
0.0204328 72.7367
0.0204722 72.8769
0.0205115 73.017
0.0205509 73.1572
0.0205903 73.2973
0.0206296 73.4375
0.020669 73.5776
0.0207084 73.7177
0.0207477 73.8579
0.0207871 73.998
0.0208265 74.1382
0.0208658 74.2783
0.0209052 74.4185
0.0209446 74.5586
0.020984 74.6988
0.0210233 74.8389
0.0210627 74.9791
0.0211021 75.1192
0.0211414 75.2594
0.0211808 75.3995
0.0212202 75.5397
0.0212595 75.6798
0.0212989 75.82
0.0213383 75.9601
0.0213777 76.1003
0.021417 76.2404
0.0214564 76.3806
0.0214958 76.5207
0.0215351 76.6609
0.0215745 76.801
0.0216139 76.9411
0.0216532 77.0813
0.0216926 77.2214
0.021732 77.3616
0.0217713 77.5017
0.0218107 77.6419
0.0218501 77.782
0.0218895 77.9222
0.0219288 78.0623
0.0219682 78.2025
0.0220076 78.3426
0.0220469 78.4828
0.0220863 78.6229
0.0221257 78.7631
0.022165 78.9032
0.0222044 79.0434
0.0222438 79.1835
0.0222832 79.3237
0.0223225 79.4638
0.0223619 79.604
0.0224013 79.7441
0.0224406 79.8843
0.02248 80.0244
0.0225194 80.1645
0.0225587 80.3047
0.0225981 80.4448
0.0226375 80.585
0.0226768 80.7251
0.0227162 80.8653
0.0227556 81.0054
0.022795 81.1456
0.0228343 81.2857
0.0228737 81.4259
0.0229131 81.566
0.0229524 81.7062
0.0229918 81.8463
0.0230312 81.9865
0.0230705 82.1266
0.0231099 82.2668
0.0231493 82.4069
0.0231887 82.5471
0.023228 82.6872
0.0232674 82.8274
0.0233068 82.9675
0.0233461 83.1077
0.0233855 83.2478
0.0234249 83.3879
0.0234642 83.5281
0.0235036 83.6682
0.023543 83.8084
0.0235823 83.9485
0.0236217 84.0887
0.0236611 84.2288
0.0237005 84.369
0.0237398 84.5091
0.0237792 84.6493
0.0238186 84.7894
0.0238579 84.9296
0.0238973 85.0697
0.0239367 85.2099
0.023976 85.35
0.0240154 85.4902
0.0240548 85.6303
0.0240942 85.7705
0.0241335 85.9106
0.0241729 86.0508
0.0242123 86.1909
0.0242516 86.3311
0.024291 86.4712
0.0243304 86.6113
0.0243697 86.7515
0.0244091 86.8916
0.0244485 87.0318
0.0244878 87.1719
0.0245272 87.3121
0.0245666 87.4522
0.024606 87.5924
0.0246453 87.7325
0.0246847 87.8727
0.0247241 88.0128
0.0247634 88.153
0.0248028 88.2931
0.0248422 88.4333
0.0248815 88.5734
0.0249209 88.7136
0.0249603 88.8537
0.0249996 88.9939
0.025039 89.134
0.0250784 89.2742
0.0251178 89.4143
0.0251571 89.5545
0.0251965 89.6946
0.0252359 89.8347
0.0252752 89.9749
0.0253146 90.115
0.025354 90.2552
0.0253933 90.3953
0.0254327 90.5355
0.0254721 90.6756
0.0255115 90.8158
0.0255508 90.9559
0.0255902 91.0961
0.0256296 91.2362
0.0256689 91.3764
0.0257083 91.5165
0.0257477 91.6567
0.025787 91.7968
0.0258264 91.937
0.0258658 92.0771
0.0259051 92.2173
0.0259445 92.3574
0.0259839 92.4976
0.0260233 92.6377
0.0260626 92.7779
0.026102 92.918
0.0261414 93.0581
0.0261807 93.1983
0.0262201 93.3384
0.0262595 93.4786
0.0262988 93.6187
0.0263382 93.7589
0.0263776 93.899
0.026417 94.0392
0.0264563 94.1793
0.0264957 94.3195
0.0265351 94.4596
0.0265744 94.5998
0.0266138 94.7399
0.0266532 94.8801
0.0266925 95.0202
0.0267319 95.1604
0.0267713 95.3005
0.0268106 95.4407
0.02685 95.5808
0.0268894 95.721
0.0269288 95.8611
0.0269681 96.0013
0.0270075 96.1414
0.0270469 96.2815
0.0270862 96.4217
0.0271256 96.5618
0.027165 96.702
0.0272043 96.8421
0.0272437 96.9823
0.0272831 97.1224
0.0273225 97.2626
0.0273618 97.4027
0.0274012 97.5429
0.0274406 97.683
0.0274799 97.8232
0.0275193 97.9633
0.0275587 98.1035
0.027598 98.2436
0.0276374 98.3838
0.0276768 98.5239
0.0277161 98.6641
0.0277555 98.8042
0.0277949 98.9444
0.0278343 99.0845
0.0278736 99.2247
0.027913 99.3648
0.0279524 99.5049
0.0279917 99.6451
0.0280311 99.7852
0.0280705 99.9254
0.0281098 100.066
0.0281492 100.206
0.0281886 100.346
0.028228 100.486
0.0282673 100.626
0.0283067 100.766
0.0283461 100.906
0.0283854 101.047
0.0284248 101.187
0.0284642 101.327
0.0285035 101.467
0.0285429 101.607
0.0285823 101.747
0.0286216 101.887
0.028661 102.028
0.0287004 102.168
0.0287398 102.308
0.0287791 102.448
0.0288185 102.588
0.0288579 102.728
0.0288972 102.868
0.0289366 103.009
0.028976 103.149
0.0290153 103.289
0.0290547 103.429
0.0290941 103.569
0.0291334 103.709
0.0291728 103.85
0.0292122 103.99
0.0292516 104.13
0.0292909 104.27
0.0293303 104.41
0.0293697 104.55
0.029409 104.69
0.0294484 104.831
0.0294878 104.971
0.0295271 105.111
0.0295665 105.251
0.0296059 105.391
0.0296453 105.531
0.0296846 105.671
0.029724 105.812
0.0297634 105.952
0.0298027 106.092
0.0298421 106.232
0.0298815 106.372
0.0299208 106.512
0.0299602 106.652
0.0299996 106.793
0.0300389 106.933
0.0300783 107.073
0.0301177 107.213
0.0301571 107.353
0.0301964 107.493
0.0302358 107.634
0.0302752 107.774
0.0303145 107.914
0.0303539 108.054
0.0303933 108.194
0.0304326 108.334
0.030472 108.474
0.0305114 108.615
0.0305508 108.755
0.0305901 108.895
0.0306295 109.035
0.0306689 109.175
0.0307082 109.315
0.0307476 109.455
0.030787 109.596
0.0308263 109.736
0.0308657 109.876
0.0309051 110.016
0.0309444 110.156
0.0309838 110.296
0.0310232 110.436
0.0310626 110.577
0.0311019 110.717
0.0311413 110.857
0.0311807 110.997
0.03122 111.137
0.0312594 111.277
0.0312988 111.418
0.0313381 111.558
0.0313775 111.698
0.0314169 111.838
0.0314563 111.978
0.0314956 112.118
0.031535 112.258
0.0315744 112.399
0.0316137 112.539
0.0316531 112.679
0.0316925 112.819
0.0317318 112.959
0.0317712 113.099
0.0318106 113.239
0.0318499 113.38
0.0318893 113.52
0.0319287 113.66
0.0319681 113.8
0.0320074 113.94
0.0320468 114.08
0.0320862 114.22
0.0321255 114.361
0.0321649 114.501
0.0322043 114.641
0.0322436 114.781
0.032283 114.921
0.0323224 115.061
0.0323618 115.202
0.0324011 115.342
0.0324405 115.482
0.0324799 115.622
0.0325192 115.762
0.0325586 115.902
0.032598 116.042
0.0326373 116.183
0.0326767 116.323
0.0327161 116.463
0.0327554 116.603
0.0327948 116.743
0.0328342 116.883
0.0328736 117.023
0.0329129 117.164
0.0329523 117.304
0.0329917 117.444
0.033031 117.584
0.0330704 117.724
0.0331098 117.864
0.0331491 118.004
0.0331885 118.145
0.0332279 118.285
0.0332672 118.425
0.0333066 118.565
0.033346 118.705
0.0333854 118.845
0.0334247 118.985
0.0334641 119.126
0.0335035 119.266
0.0335428 119.406
0.0335822 119.546
0.0336216 119.686
0.0336609 119.826
0.0337003 119.967
0.0337397 120.107
0.033777 120.241
0.0338156 120.382
0.033852 120.518
0.0338882 120.665
0.0339255 120.802
0.0339639 120.952
0.0340021 121.095
0.0340379 121.243
0.0340728 121.396
0.0341101 121.549
0.0341483 121.696
0.0341852 121.833
0.0342212 121.977
0.0342583 122.118
0.0342962 122.25
0.0343352 122.396
0.0343717 122.541
0.034407 122.664
0.0344435 122.79
0.0344816 122.921
0.0345189 123.056
0.0345552 123.189
0.0345916 123.321
0.0346289 123.452
0.0346675 123.601
0.0347052 123.729
0.0347408 123.873
0.0347762 124.012
0.0348133 124.151
0.0348517 124.296
0.034889 124.443
0.0349244 124.591
0.0349606 124.731
0.0349994 124.869
0.0350382 125.007
0.0350753 125.14
0.0351109 125.268
0.0351475 125.409
0.0351848 125.546
0.0352221 125.671
0.0352579 125.796
0.035294 125.919
0.0353317 126.052
0.0353698 126.182
0.0354076 126.302
0.0354434 126.436
0.0354794 126.555
0.0355167 126.686
0.0355544 126.821
0.0355909 126.949
0.0356267 127.086
0.0356634 127.221
0.0357011 127.348
0.0357399 127.483
0.0357767 127.628
0.0358121 127.77
0.0358484 127.923
0.0358867 128.071
0.0359249 128.21
0.0359617 128.357
0.035998 128.5
0.0360357 128.645
0.0360741 128.79
0.0361118 128.935
0.0361476 129.074
0.0361832 129.209
0.0362203 129.345
0.0362587 129.475
0.0362953 129.6
0.0363318 129.731
0.0363686 129.865
0.0364072 129.99
0.0364456 130.128
0.0364814 130.261
0.0365172 130.4
0.0365541 130.536
0.0365922 130.662
0.0366295 130.791
0.0366668 130.942
0.0367031 131.077
0.036741 131.208
0.0367796 131.346
0.0368173 131.486
0.0368523 131.631
0.0368883 131.764
0.0369256 131.901
0.0369642 132.05
0.0370002 132.196
0.0370364 132.325
0.0370742 132.467
0.0371125 132.607
0.0371507 132.758
0.0371861 132.894
0.037221 133.024
0.0372579 133.161
0.037296 133.302
0.0373333 133.448
0.0373692 133.578
0.0374056 133.711
0.0374442 133.844
0.037483 133.982
0.0375196 134.114
0.037555 134.251
0.0375915 134.397
0.0376296 134.536
0.0376676 134.671
0.0377042 134.81
0.0377402 134.965
0.0377773 135.119
0.0378161 135.263
0.0378543 135.409
0.0378892 135.552
0.0379246 135.691
0.0379619 135.822
0.0380001 135.956
0.0380369 136.1
0.0380728 136.229
0.0381096 136.35
0.0381476 136.476
0.0381861 136.61
0.038223 136.738
0.0382588 136.87
0.0382951 137.009
0.0383324 137.152
0.0383697 137.285
0.0384057 137.412
0.0384419 137.539
0.0384797 137.673
0.038518 137.806
0.0385557 137.946
0.0385916 138.083
0.0386278 138.215
0.0386642 138.344
0.0387026 138.475
0.0387393 138.618
0.0387751 138.759
0.0388115 138.9
0.0388497 139.044
0.038888 139.18
0.0389251 139.314
0.0389603 139.448
0.0389965 139.572
0.0390353 139.703
0.0390731 139.834
0.0391097 139.963
0.0391462 140.09
0.0391839 140.221
0.0392227 140.346
0.0392598 140.477
0.0392954 140.611
0.0393312 140.751
0.0393685 140.904
0.0394066 141.043
0.0394439 141.18
0.0394802 141.311
0.039517 141.448
0.0395558 141.572
0.039594 141.696
0.0396304 141.828
0.039666 141.959
0.0397024 142.088
0.0397408 142.211
0.0397781 142.343
0.0398147 142.472
0.0398512 142.606
0.0398893 142.738
0.0399277 142.873
0.0399643 143.025
0.0400002 143.158
0.0400362 143.289
0.0400735 143.422
0.0401116 143.557
0.0401481 143.692
0.0401843 143.825
0.0402221 143.957
0.0402604 144.085
0.0402986 144.219
0.0403344 144.341
0.0403693 144.473
0.0404062 144.606
0.0404444 144.739
0.0404817 144.874
0.0405175 145.018
0.0405539 145.147
0.0405925 145.27
0.0406309 145.396
0.0406686 145.526
0.040704 145.658
0.0407402 145.788
0.0407779 145.921
0.0408154 146.054
0.0408521 146.189
0.0408881 146.311
0.0409254 146.441
0.0409644 146.579
0.0410022 146.728
0.0410371 146.864
0.0410729 146.998
0.0411094 147.135
0.041148 147.27
0.0411848 147.402
0.0412209 147.527
0.041258 147.66
0.0412955 147.793
0.041334 147.923
0.0413718 148.061
0.0414071 148.2
0.041443 148.351
0.0414805 148.501
0.0415176 148.647
0.041554 148.799
0.0415907 148.944
0.0416282 149.087
0.0416663 149.233
0.0417041 149.381
0.0417399 149.518
0.0417757 149.659
0.0418121 149.777
0.0418503 149.887
0.0418872 150.001
0.0419232 150.11
0.0419594 150.238
0.0419976 150.361
0.0420368 150.5
0.0420732 150.631
0.0421095 150.763
0.0421453 150.886
0.0421832 151.025
0.0422214 151.172
0.042258 151.314
0.0422945 151.455
0.0423318 151.588
0.0423701 151.726
0.0424077 151.855
0.0424441 151.986
0.0424799 152.124
0.0425168 152.268
0.0425549 152.403
0.0425922 152.533
0.0426283 152.665
0.0426654 152.8
0.0427033 152.937
0.0427419 153.062
0.0427783 153.18
0.0428137 153.305
0.0428504 153.43
0.0428883 153.551
0.042926 153.683
0.0429627 153.808
0.0429991 153.936
0.0430375 154.051
0.0430757 154.184
0.043113 154.313
0.0431479 154.443
0.0431842 154.571
0.0432219 154.687
0.0432598 154.814
0.0432969 154.942
0.0433327 155.071
0.0433696 155.199
0.043408 155.333
0.043447 155.447
0.0434826 155.572
0.0435177 155.698
0.0435533 155.833
0.0435915 155.977
0.0436296 156.116
0.0436652 156.249
0.0437019 156.39
0.04374 156.535
0.0437788 156.68
0.0438166 156.829
0.0438524 156.97
0.0438884 157.1
0.0439257 157.224
0.0439634 157.351
0.0439999 157.488
0.0440357 157.615
0.044073 157.734
0.044112 157.856
0.0441499 157.973
0.0441857 158.096
0.0442211 158.229
0.0442576 158.365
0.0442957 158.507
0.0443334 158.642
0.0443688 158.763
0.0444051 158.889
0.044443 159.033
0.0444822 159.17
0.0445195 159.318
0.0445553 159.446
0.0445911 159.576
0.0446289 159.713
0.0446662 159.846
0.0447024 159.972
0.044738 160.113
0.0447757 160.247
0.0448143 160.379
0.044852 160.503
0.0448881 160.628
0.0449243 160.769
0.0449612 160.892
0.0449985 161.019
0.0450358 161.139
0.0450716 161.262
0.0451078 161.381
0.0451453 161.506
0.0451843 161.633
0.0452216 161.761
0.045257 161.882
0.0452931 161.984
0.0453312 162.115
0.0453689 162.246
0.0454054 162.379
0.0454416 162.521
0.0454793 162.659
0.0455173 162.807
0.0455558 162.96
0.0455921 163.101
0.0456281 163.24
0.045665 163.394
0.0457031 163.543
0.0457404 163.692
0.0457767 163.847
0.0458135 163.981
0.0458517 164.116
0.0458896 164.257
0.0459267 164.38
0.0459621 164.514
0.0459986 164.649
0.0460367 164.784
0.0460746 164.918
0.0461109 165.044
0.0461473 165.165
0.0461859 165.294
0.0462236 165.419
0.0462605 165.533
0.0462963 165.66
0.0463321 165.783
0.0463694 165.927
0.0464078 166.067
0.0464447 166.203
0.0464809 166.34
0.0465178 166.473
0.0465566 166.61
0.0465951 166.75
0.0466314 166.888
0.0466659 167.016
0.0467022 167.156
0.0467401 167.281
0.0467778 167.401
0.0468141 167.525
0.0468509 167.642
0.0468882 167.764
0.0469266 167.899
0.0469641 168.026
0.0470001 168.152
0.0470359 168.278
0.0470737 168.401
0.0471116 168.518
0.0471483 168.638
0.0471841 168.768
0.0472214 168.896
0.0472593 169.035
0.0472975 169.164
0.0473337 169.287
0.0473695 169.415
0.0474055 169.544
0.0474441 169.683
0.0474814 169.831
0.0475174 169.975
0.0475537 170.104
0.0475914 170.247
0.0476302 170.383
0.0476683 170.51
0.0477042 170.651
0.0477393 170.785
0.0477768 170.918
0.0478148 171.046
0.0478517 171.18
0.047887 171.308
0.0479241 171.435
0.0479621 171.559
0.0480006 171.688
0.0480365 171.827
0.0480714 171.958
0.0481083 172.092
0.048146 172.234
0.0481837 172.36
0.0482198 172.482
0.0482556 172.612
0.0482942 172.749
0.0483329 172.887
0.0483698 173.018
0.0484061 173.135
0.0484419 173.263
0.0484788 173.4
0.0485169 173.522
0.0485542 173.662
0.0485902 173.793
0.0486284 173.926
0.0486667 174.051
0.0487045 174.17
0.0487403 174.296
0.0487761 174.433
0.048813 174.562
0.0488511 174.683
0.0488888 174.811
0.0489244 174.928
0.0489611 175.047
0.048999 175.168
0.049038 175.297
0.0490749 175.426
0.0491103 175.546
0.0491467 175.664
0.0491845 175.789
0.0492226 175.923
0.0492595 176.049
0.0492962 176.17
0.0493339 176.307
0.0493714 176.441
0.0494087 176.58
0.0494449 176.712
0.0494812 176.856
0.049518 176.992
0.0495562 177.131
0.0495931 177.263
0.0496291 177.401
0.0496662 177.547
0.0497041 177.678
0.0497431 177.812
0.0497791 177.939
0.0498141 178.075
0.0498508 178.205
0.0498881 178.334
0.0499258 178.461
0.0499622 178.582
0.0499985 178.708
0.0500364 178.823
0.0500754 178.953
0.0501131 179.072
0.0501487 179.191
0.0501846 179.311
0.0502223 179.438
0.05026 179.568
0.0502969 179.688
0.0503327 179.817
0.0503696 179.945
0.0504077 180.085
0.0504461 180.206
0.0504827 180.345
0.0505177 180.486
0.0505542 180.624
0.0505919 180.743
0.05063 180.871
0.0506663 180.999
0.0507014 181.13
0.0507396 181.263
0.0507788 181.397
0.0508161 181.53
0.0508519 181.655
0.0508873 181.775
0.050925 181.895
0.0509623 182.024
0.0509988 182.149
0.051035 182.271
0.0510723 182.394
0.05111 182.517
0.0511482 182.635
0.0511842 182.768
0.05122 182.887
0.0512569 183.018
0.0512946 183.149
0.0513319 183.289
0.0513677 183.427
0.0514042 183.572
0.0514419 183.707
0.0514809 183.841
0.0515178 183.973
0.0515532 184.11
0.0515896 184.246
0.0516278 184.373
0.0516655 184.506
0.0517024 184.626
0.0517386 184.75
0.0517759 184.869
0.0518147 184.996
0.0518529 185.115
0.0518889 185.241
0.0519247 185.349
0.0519611 185.475
0.0519989 185.596
0.0520366 185.714
0.0520728 185.836
0.0521097 185.957
0.0521479 186.086
0.0521862 186.215
0.0522229 186.342
0.0522585 186.476
0.0522943 186.62
0.0523324 186.756
0.0523708 186.894
0.0524075 187.037
0.0524439 187.18
0.0524812 187.322
0.0525198 187.455
0.0525571 187.583
0.0525931 187.718
0.0526289 187.839
0.0526658 187.958
0.0527035 188.073
0.0527413 188.198
0.0527775 188.32
0.0528144 188.438
0.0528525 188.549
0.0528913 188.671
0.0529275 188.792
0.0529625 188.916
0.0529983 189.041
0.0530363 189.172
0.053074 189.3
0.0531106 189.428
0.0531462 189.545
0.053184 189.675
0.0532236 189.822
0.0532609 189.957
0.0532971 190.095
0.053333 190.231
0.0533698 190.376
0.053408 190.527
0.0534444 190.673
0.0534807 190.817
0.053518 190.962
0.0535559 191.095
0.0535945 191.218
0.0536309 191.342
0.0536659 191.466
0.0537026 191.586
0.0537403 191.7
0.0537782 191.797
0.0538136 191.91
0.0538494 192.026
0.0538871 192.151
0.0539263 192.272
0.0539641 192.396
0.0540003 192.52
0.0540359 192.638
0.0540732 192.761
0.0541109 192.89
0.0541476 193.028
0.0541834 193.161
0.0542199 193.278
0.0542582 193.413
0.0542964 193.536
0.0543326 193.662
0.0543684 193.798
0.0544049 193.944
0.054443 194.085
0.0544805 194.219
0.0545164 194.349
0.0545522 194.475
0.0545895 194.612
0.0546283 194.724
0.054666 194.861
0.0547018 194.98
0.0547376 195.102
0.0547753 195.221
0.0548137 195.347
0.0548504 195.469
0.0548868 195.594
0.0549237 195.72
0.0549623 195.84
0.0550006 195.97
0.0550377 196.085
0.0550727 196.219
0.0551091 196.342
0.0551473 196.461
0.0551846 196.573
0.055221 196.688
0.0552573 196.796
0.0552954 196.915
0.0553338 197.037
0.0553711 197.157
0.0554069 197.285
0.0554429 197.419
0.0554806 197.551
0.0555188 197.682
0.0555556 197.819
0.0555923 197.953
0.0556296 198.095
0.0556675 198.221
0.0557053 198.343
0.0557415 198.469
0.0557773 198.592
0.0558142 198.703
0.0558523 198.834
0.0558899 198.96
0.0559261 199.086
0.0559628 199.21
0.0560003 199.339
0.0560388 199.472
0.0560757 199.611
0.0561107 199.741
0.0561465 199.869
0.0561842 200.005
0.0562224 200.12
0.0562588 200.251
0.0562951 200.383
0.0563324 200.523
0.0563716 200.649
0.0564093 200.785
0.0564449 200.919
0.0564807 201.06
0.056518 201.206
0.0565557 201.34
0.056593 201.48
0.0566289 201.599
0.0566662 201.713
0.0567043 201.838
0.0567427 201.957
0.0567789 202.065
0.0568143 202.179
0.0568503 202.292
0.0568885 202.395
0.0569262 202.515
0.056962 202.632
0.0569978 202.772
0.0570353 202.902
0.0570747 203.014
0.0571123 203.15
0.0571485 203.284
0.0571839 203.412
0.0572216 203.542
0.0572589 203.683
0.0572954 203.821
0.0573316 203.96
0.0573681 204.084
0.0574062 204.232
0.0574443 204.392
0.0574812 204.532
0.0575166 204.671
0.0575529 204.812
0.0575904 204.943
0.0576285 205.074
0.0576648 205.195
0.0577008 205.319
0.0577379 205.442
0.0577767 205.562
0.0578148 205.662
0.0578502 205.779
0.0578854 205.895
0.0579231 206.004
0.0579612 206.124
0.057999 206.242
0.0580352 206.368
0.0580725 206.487
0.0581113 206.608
0.058149 206.73
0.0581855 206.856
0.058221 206.981
0.058257 207.11
0.0582952 207.247
0.0583331 207.386
0.0583693 207.521
0.0584056 207.652
0.0584433 207.792
0.0584821 207.941
0.0585194 208.071
0.0585556 208.202
0.0585912 208.331
0.0586285 208.454
0.0586667 208.58
0.0587035 208.7
0.0587406 208.816
0.0587775 208.938
0.0588154 209.047
0.0588536 209.149
0.0588903 209.274
0.0589256 209.394
0.0589625 209.511
0.0590005 209.638
0.0590378 209.757
0.059074 209.882
0.0591102 210.009
0.059148 210.134
0.0591872 210.262
0.0592236 210.39
0.0592586 210.509
0.0592944 210.628
0.0593325 210.754
0.0593705 210.877
0.0594067 210.999
0.0594432 211.121
0.0594805 211.247
0.0595195 211.37
0.0595574 211.505
0.0595936 211.633
0.059629 211.753
0.0596659 211.884
0.0597045 212.007
0.0597414 212.137
0.0597772 212.266
0.059814 212.389
0.0598522 212.508
0.0598901 212.632
0.0599274 212.749
0.0599626 212.871
0.0599982 213.002
0.0600359 213.119
0.0600741 213.249
0.0601103 213.379
0.0601463 213.503
0.0601841 213.63
0.0602226 213.768
0.0602602 213.897
0.0602968 214.025
0.0603322 214.142
0.0603691 214.275
0.0604064 214.424
0.0604437 214.557
0.0604799 214.692
0.0605159 214.83
0.0605545 214.962
0.0605927 215.087
0.0606291 215.22
0.0606645 215.347
0.060701 215.488
0.0607387 215.607
0.0607764 215.726
0.0608126 215.843
0.0608483 215.954
0.0608864 216.066
0.060925 216.181
0.0609623 216.294
0.0609987 216.419
0.0610341 216.546
0.0610714 216.672
0.06111 216.803
0.0611473 216.932
0.0611833 217.073
0.06122 217.203
0.0612583 217.331
0.0612969 217.466
0.0613334 217.609
0.0613692 217.759
0.0614056 217.91
0.0614433 218.067
0.0614811 218.216
0.0615173 218.359
0.0615538 218.495
0.0615919 218.64
0.0616307 218.788
0.061668 218.929
0.0617034 219.06
0.0617388 219.174
0.0617761 219.289
0.0618142 219.386
0.0618515 219.496
0.061888 219.607
0.0619253 219.725
0.0619638 219.828
0.0620016 219.937
0.0620376 220.049
0.0620734 220.166
0.0621107 220.273
0.062148 220.381
0.0621857 220.508
0.062222 220.634
0.0622584 220.754
0.0622966 220.864
0.0623349 221.004
0.062372 221.132
0.0624076 221.26
0.062443 221.389
0.0624803 221.545
0.0625185 221.696
0.0625549 221.832
0.0625907 221.968
0.0626284 222.109
0.0626672 222.259
0.0627054 222.387
0.0627416 222.516
0.062777 222.643
0.0628143 222.772
0.062852 222.88
0.0628893 222.991
0.0629254 223.111
0.062962 223.215
0.063 223.319
0.0630385 223.422
0.0630754 223.538
0.0631108 223.649
0.0631466 223.765
0.0631848 223.88
0.0632223 224.001
0.0632585 224.124
0.0632943 224.245
0.0633312 224.373
0.0633704 224.5
0.063409 224.631
0.0634454 224.758
0.0634808 224.893
0.0635173 225.03
0.0635548 225.166
0.0635921 225.284
0.0636277 225.411
0.0636643 225.54
0.0637023 225.664
0.0637404 225.799
0.0637773 225.926
0.0638131 226.053
0.0638498 226.182
0.0638873 226.311
0.063925 226.431
0.0639608 226.567
0.0639967 226.701
0.0640335 226.83
0.0640717 226.962
0.06411 227.096
0.0641463 227.231
0.0641821 227.353
0.0642194 227.468
0.0642577 227.586
0.0642955 227.704
0.0643313 227.818
0.0643677 227.922
0.0644063 228.032
0.0644451 228.159
0.0644818 228.28
0.0645171 228.383
0.064554 228.509
0.064592 228.656
0.0646295 228.797
0.0646655 228.927
0.0647017 229.059
0.0647395 229.189
0.0647782 229.317
0.064816 229.44
0.0648514 229.549
0.0648872 229.681
0.0649245 229.809
0.0649628 229.915
0.0649997 230.024
0.0650368 230.148
0.0650741 230.275
0.065112 230.395
0.0651502 230.524
0.0651866 230.645
0.0652218 230.78
0.0652587 230.897
0.0652966 231.01
0.0653341 231.139
0.0653706 231.273
0.0654068 231.399
0.0654448 231.522
0.0654837 231.668
0.0655202 231.809
0.0655552 231.947
0.065591 232.087
0.0656287 232.237
0.0656666 232.388
0.0657033 232.535
0.0657391 232.67
0.0657768 232.812
0.0658152 232.942
0.0658533 233.062
0.0658902 233.167
0.0659252 233.28
0.0659621 233.382
0.0660006 233.49
0.0660379 233.602
0.0660738 233.706
0.0661106 233.813
0.0661484 233.912
0.0661867 234.026
0.0662238 234.143
0.0662592 234.268
0.0662948 234.386
0.0663325 234.507
0.0663707 234.641
0.0664071 234.769
0.0664425 234.899
0.0664794 235.044
0.0665188 235.188
0.0665572 235.337
0.0665934 235.472
0.0666284 235.618
0.0666652 235.76
0.0667034 235.904
0.0667403 236.032
0.0667761 236.155
0.0668121 236.283
0.0668503 236.4
0.0668888 236.522
0.0669261 236.63
0.0669615 236.753
0.0669975 236.859
0.0670348 236.98
0.0670726 237.097
0.0671088 237.22
0.0671448 237.343
0.0671819 237.456
0.0672207 237.572
0.0672591 237.69
0.0672949 237.806
0.0673303 237.916
0.0673676 238.048
0.0674061 238.16
0.0674434 238.285
0.0674795 238.406
0.0675161 238.521
0.0675545 238.64
0.0675935 238.771
0.0676304 238.897
0.0676653 239.036
0.0677018 239.172
0.0677395 239.29
0.0677772 239.426
0.0678139 239.549
0.0678499 239.662
0.0678872 239.79
0.0679262 239.92
0.0679641 240.036
0.0680004 240.154
0.0680354 240.274
0.0680727 240.39
0.0681104 240.506
0.0681485 240.621
0.068185 240.735
0.0682214 240.863
0.06826 240.984
0.0682981 241.114
0.0683346 241.239
0.06837 241.36
0.0684062 241.476
0.0684442 241.602
0.0684823 241.736
0.0685181 241.86
0.0685546 241.994
0.0685927 242.125
0.0686311 242.265
0.0686688 242.392
0.0687042 242.517
0.0687392 242.647
0.0687765 242.786
0.0688146 242.92
0.0688515 243.052
0.0688873 243.186
0.068925 243.313
0.0689634 243.43
0.0690015 243.536
0.0690384 243.652
0.0690736 243.766
0.0691096 243.879
0.0691482 243.984
0.0691855 244.096
0.0692215 244.212
0.0692582 244.327
0.0692961 244.444
0.0693347 244.564
0.069372 244.694
0.0694074 244.81
0.0694432 244.945
0.0694805 245.09
0.0695184 245.239
0.0695551 245.377
0.0695909 245.509
0.0696282 245.638
0.0696666 245.783
0.0697047 245.93
0.0697412 246.074
0.0697766 246.229
0.0698128 246.363
0.0698509 246.5
0.0698878 246.622
0.0699238 246.756
0.0699605 246.882
0.0699982 247.015
0.0700366 247.138
0.0700735 247.258
0.0701093 247.368
0.0701451 247.479
0.0701832 247.598
0.0702212 247.7
0.0702574 247.812
0.0702932 247.921
0.0703297 248.046
0.0703687 248.168
0.0704066 248.284
0.0704433 248.395
0.0704789 248.522
0.070516 248.649
0.0705543 248.774
0.0705916 248.907
0.0706279 249.036
0.0706643 249.171
0.0707029 249.295
0.0707412 249.434
0.0707779 249.568
0.0708135 249.711
0.0708498 249.84
0.0708875 249.968
0.0709256 250.1
0.0709617 250.232
0.0709979 250.361
0.0710356 250.478
0.0710744 250.599
0.0711121 250.707
0.0711486 250.819
0.071184 250.933
0.0712208 251.04
0.0712594 251.151
0.0712963 251.259
0.0713332 251.367
0.0713702 251.478
0.071408 251.592
0.0714459 251.707
0.0714828 251.822
0.071518 251.936
0.0715544 252.049
0.0715926 252.179
0.0716303 252.296
0.0716667 252.428
0.0717026 252.565
0.0717407 252.691
0.0717791 252.82
0.0718168 252.947
0.0718526 253.074
0.0718882 253.202
0.0719244 253.335
0.0719626 253.466
0.0719995 253.605
0.0720359 253.733
0.072073 253.855
0.0721114 253.982
0.0721499 254.103
0.0721868 254.235
0.0722222 254.365
0.0722586 254.504
0.0722964 254.628
0.0723337 254.746
0.0723699 254.867
0.0724064 254.985
0.0724445 255.101
0.0724829 255.217
0.0725202 255.341
0.0725556 255.446
0.0725914 255.563
0.0726287 255.67
0.0726668 255.799
0.0727033 255.931
0.0727387 256.06
0.0727758 256.192
0.0728141 256.322
0.0728529 256.462
0.0728896 256.593
0.0729256 256.736
0.0729618 256.868
0.0729995 257
0.0730364 257.121
0.0730727 257.238
0.0731087 257.354
0.0731464 257.459
0.073185 257.579
0.0732219 257.692
0.0732577 257.805
0.0732933 257.921
0.073331 258.035
0.0733692 258.151
0.0734056 258.264
0.0734414 258.379
0.0734781 258.499
0.0735164 258.634
0.073555 258.754
0.0735915 258.871
0.0736273 258.999
0.0736633 259.134
0.0737015 259.274
0.0737396 259.429
0.0737756 259.578
0.0738114 259.726
0.07385 259.867
0.0738888 260.007
0.0739265 260.143
0.0739619 260.29
0.0739979 260.426
0.0740357 260.553
0.0740738 260.675
0.0741103 260.786
0.0741465 260.902
0.0741838 261.014
0.0742219 261.131
0.0742599 261.233
0.0742965 261.346
0.0743319 261.458
0.0743688 261.572
0.074407 261.687
0.0744447 261.802
0.0744811 261.918
0.074518 262.032
0.0745557 262.152
0.0745939 262.27
0.0746303 262.399
0.0746666 262.522
0.074703 262.639
0.0747407 262.769
0.0747785 262.906
0.0748147 263.04
0.0748512 263.17
0.0748893 263.305
0.0749277 263.442
0.074965 263.574
0.0750008 263.7
0.0750362 263.835
0.0750726 263.97
0.0751108 264.089
0.0751481 264.206
0.0751843 264.327
0.0752203 264.448
0.0752593 264.565
0.0752977 264.68
0.0753346 264.798
0.0753697 264.911
0.0754062 265.015
0.0754443 265.128
0.0754823 265.252
0.0755185 265.369
0.0755543 265.48
0.0755921 265.595
0.0756304 265.708
0.0756681 265.817
0.075704 265.934
0.0757398 266.061
0.0757771 266.187
0.075815 266.31
0.0758521 266.426
0.0758875 266.555
0.0759235 266.685
0.0759623 266.813
0.0760013 266.942
0.0760377 267.08
0.0760731 267.204
0.0761098 267.329
0.0761473 267.465
0.076185 267.593
0.0762213 267.719
0.0762575 267.842
0.0762948 267.956
0.0763327 268.075
0.0763705 268.201
0.0764059 268.311
0.0764417 268.435
0.076479 268.56
0.0765167 268.681
0.0765536 268.8
0.0765898 268.919
0.0766267 269.039
0.0766648 269.17
0.0767036 269.3
0.0767405 269.423
0.076776 269.564
0.0768116 269.699
0.0768498 269.829
0.0768875 269.958
0.0769244 270.092
0.0769608 270.235
0.0769985 270.368
0.0770371 270.503
0.0770744 270.639
0.0771102 270.767
0.0771463 270.895
0.077184 271.014
0.0772213 271.134
0.0772579 271.255
0.077294 271.369
0.0773321 271.478
0.0773705 271.587
0.0774086 271.697
0.0774449 271.804
0.0774803 271.906
0.0775176 272.013
0.0775553 272.126
0.0775928 272.237
0.0776295 272.352
0.0776659 272.479
0.0777041 272.593
0.0777418 272.712
0.0777791 272.828
0.0778145 272.957
0.0778505 273.092
0.0778886 273.223
0.0779272 273.358
0.0779641 273.501
0.0779995 273.651
0.0780368 273.785
0.0780751 273.929
0.0781133 274.073
0.0781491 274.211
0.0781841 274.334
0.0782209 274.463
0.0782587 274.589
0.078296 274.71
0.0783326 274.829
0.0783691 274.933
0.0784076 275.047
0.0784464 275.164
0.0784833 275.273
0.0785187 275.387
0.0785545 275.502
0.0785922 275.615
0.07863 275.727
0.0786668 275.842
0.0787029 275.958
0.0787406 276.075
0.0787792 276.207
0.0788169 276.338
0.0788523 276.473
0.0788877 276.595
0.0789245 276.725
0.0789627 276.849
0.079 276.981
0.0790356 277.111
0.0790723 277.244
0.0791106 277.373
0.0791496 277.489
0.0791865 277.609
0.0792215 277.726
0.0792577 277.858
0.0792952 277.979
0.0793327 278.107
0.0793692 278.224
0.0794054 278.342
0.0794429 278.446
0.0794811 278.559
0.0795184 278.666
0.0795542 278.777
0.07959 278.891
0.0796273 279.004
0.079665 279.118
0.0797019 279.231
0.0797377 279.35
0.0797742 279.461
0.0798127 279.585
0.0798519 279.704
0.079888 279.83
0.0799238 279.949
0.0799604 280.076
0.0799988 280.188
0.0800361 280.315
0.0800723 280.446
0.0801084 280.576
0.0801469 280.71
0.0801853 280.844
0.080223 280.976
0.0802588 281.105
0.0802947 281.24
0.080332 281.362
0.0803697 281.5
0.080407 281.624
0.0804428 281.757
0.0804797 281.877
0.080518 281.998
0.0805566 282.11
0.0805926 282.22
0.080628 282.341
0.0806651 282.456
0.080703 282.566
0.0807408 282.674
0.080777 282.787
0.0808139 282.888
0.080852 283.001
0.08089 283.119
0.0809273 283.24
0.0809631 283.368
0.0809985 283.49
0.0810366 283.614
0.081075 283.754
0.0811112 283.89
0.0811475 284.029
0.081185 284.173
0.0812235 284.308
0.0812613 284.445
0.0812973 284.577
0.0813325 284.707
0.0813685 284.832
0.0814071 284.956
0.0814444 285.082
0.0814808 285.2
0.0815175 285.31
0.0815554 285.411
0.081594 285.525
0.0816313 285.635
0.0816671 285.748
0.0817027 285.862
0.0817404 285.973
0.0817777 286.087
0.0818146 286.189
0.0818508 286.294
0.0818886 286.408
0.0819269 286.535
0.0819646 286.652
0.0820005 286.759
0.0820359 286.877
0.0820723 287
0.0821109 287.132
0.0821477 287.27
0.082184 287.411
0.0822198 287.548
0.0822582 287.684
0.0822974 287.818
0.0823342 287.948
0.0823701 288.099
0.0824059 288.233
0.0824436 288.357
0.0824809 288.477
0.0825174 288.589
0.0825532 288.691
0.0825905 288.808
0.0826282 288.916
0.0826668 289.026
0.0827028 289.139
0.0827382 289.235
0.0827755 289.348
0.082814 289.462
0.0828505 289.568
0.0828859 289.686
0.0829226 289.81
0.0829609 289.934
0.0829995 290.061
0.0830359 290.184
0.0830718 290.319
0.0831078 290.46
0.0831464 290.589
0.0831841 290.736
0.0832205 290.886
0.0832563 291.019
0.0832945 291.152
0.0833328 291.28
0.083371 291.413
0.0834068 291.547
0.0834424 291.667
0.0834797 291.788
0.0835179 291.911
0.0835552 292.019
0.083591 292.128
0.0836279 292.244
0.083666 292.354
0.0837044 292.464
0.083741 292.569
0.083776 292.675
0.0838129 292.779
0.083851 292.876
0.0838892 292.987
0.083926 293.096
0.0839625 293.201
0.0839998 293.302
0.0840384 293.412
0.0840752 293.522
0.084111 293.647
0.0841475 293.765
0.0841852 293.89
0.0842229 294.022
0.0842598 294.134
0.0842956 294.255
0.0843334 294.388
0.0843713 294.52
0.0844094 294.639
0.0844457 294.774
0.0844806 294.901
0.0845175 295.033
0.0845557 295.161
0.0845925 295.29
0.0846288 295.429
0.0846648 295.558
0.0847034 295.678
0.0847417 295.802
0.084779 295.938
0.0848149 296.055
0.0848507 296.171
0.0848884 296.28
0.0849263 296.402
0.0849634 296.517
0.0849988 296.636
0.0850365 296.748
0.0850753 296.859
0.085113 296.982
0.0851484 297.1
0.0851838 297.225
0.0852207 297.351
0.0852591 297.472
0.0852964 297.595
0.0853317 297.726
0.085368 297.851
0.0854066 297.982
0.085446 298.123
0.0854835 298.256
0.0855185 298.384
0.0855545 298.504
0.0855918 298.621
0.0856291 298.753
0.0856657 298.88
0.0857016 298.996
0.0857389 299.11
0.0857772 299.207
0.0858149 299.309
0.0858512 299.411
0.0858862 299.525
0.085923 299.638
0.0859616 299.754
0.0859985 299.862
0.0860345 299.964
0.0860712 300.072
0.0861089 300.176
0.0861477 300.31
0.0861845 300.427
0.0862199 300.545
0.0862562 300.663
0.0862941 300.784
0.0863327 300.907
0.0863691 301.028
0.0864058 301.146
0.0864431 301.267
0.0864815 301.393
0.0865192 301.51
0.0865546 301.638
0.0865908 301.762
0.0866281 301.871
0.0866663 301.987
0.0867031 302.104
0.0867392 302.216
0.0867758 302.33
0.0868138 302.445
0.0868528 302.551
0.0868896 302.657
0.086925 302.764
0.0869615 302.87
0.0869992 302.981
0.0870369 303.099
0.0870736 303.202
0.08711 303.306
0.0871482 303.415
0.0871861 303.529
0.0872238 303.645
0.0872597 303.766
0.0872955 303.872
0.0873332 303.981
0.0873711 304.11
0.0874082 304.224
0.0874438 304.359
0.0874811 304.488
0.0875193 304.621
0.0875578 304.739
0.0875939 304.872
0.0876288 305.004
0.0876651 305.139
0.0877032 305.263
0.0877405 305.38
0.087777 305.503
0.0878132 305.622
0.0878516 305.746
0.0878906 305.856
0.0879279 305.981
0.0879635 306.087
0.0879993 306.192
0.0880366 306.307
0.0880747 306.422
0.0881116 306.533
0.0881478 306.645
0.0881847 306.752
0.0882229 306.865
0.0882612 306.988
0.088297 307.1
0.0883324 307.23
0.0883689 307.355
0.088407 307.47
0.0884439 307.598
0.0884806 307.727
0.0885166 307.85
0.0885543 307.97
0.0885935 308.091
0.0886308 308.215
0.0886666 308.343
0.0887025 308.467
0.0887398 308.586
0.0887771 308.715
0.0888133 308.835
0.0888493 308.958
0.0888862 309.077
0.0889248 309.203
0.0889631 309.328
0.0889994 309.444
0.0890348 309.561
0.0890712 309.673
0.0891094 309.794
0.0891471 309.907
0.0891825 310.025
0.0892187 310.14
0.0892575 310.257
0.0892956 310.377
0.0893325 310.492
0.0893683 310.613
0.0894044 310.725
0.0894421 310.842
0.0894807 310.96
0.0895171 311.085
0.0895529 311.198
0.0895906 311.318
0.0896294 311.433
0.0896678 311.554
0.0897036 311.677
0.0897394 311.801
0.0897759 311.938
0.0898136 312.071
0.0898513 312.195
0.0898871 312.31
0.0899244 312.445
0.0899626 312.566
0.0900014 312.699
0.0900376 312.821
0.090073 312.945
0.0901099 313.067
0.0901472 313.182
0.0901853 313.298
0.0902222 313.415
0.0902582 313.541
0.0902959 313.652
0.0903345 313.771
0.0903722 313.889
0.0904078 314.008
0.090443 314.126
0.0904803 314.244
0.0905187 314.366
0.090556 314.488
0.0905918 314.611
0.0906287 314.732
0.0906672 314.851
0.0907056 314.987
0.0907423 315.122
0.0907772 315.254
0.0908133 315.394
0.0908514 315.522
0.0908887 315.655
0.0909254 315.782
0.0909614 315.907
0.0909991 316.035
0.0910379 316.164
0.0910756 316.275
0.0911114 316.373
0.0911468 316.475
0.091185 316.57
0.0912233 316.677
0.09126 316.782
0.0912956 316.892
0.0913327 317.006
0.0913706 317.119
0.0914092 317.24
0.0914456 317.36
0.0914806 317.483
0.0915173 317.606
0.0915552 317.727
0.0915927 317.85
0.0916283 317.978
0.0916646 318.095
0.0917027 318.216
0.0917415 318.337
0.0917788 318.453
0.091815 318.573
0.0918504 318.694
0.0918879 318.821
0.0919257 318.946
0.0919619 319.063
0.0919977 319.189
0.0920346 319.318
0.092073 319.437
0.0921111 319.551
0.0921478 319.671
0.0921832 319.784
0.09222 319.904
0.0922573 320.013
0.0922946 320.129
0.0923304 320.239
0.0923669 320.346
0.0924046 320.459
0.092443 320.578
0.0924807 320.695
0.0925165 320.812
0.0925523 320.928
0.0925905 321.04
0.0926288 321.163
0.0926653 321.282
0.0927011 321.404
0.0927384 321.519
0.0927774 321.633
0.0928153 321.754
0.0928516 321.877
0.0928878 322.006
0.0929243 322.13
0.0929624 322.259
0.0929999 322.391
0.0930357 322.521
0.0930724 322.653
0.0931103 322.787
0.0931489 322.916
0.0931858 323.039
0.0932216 323.169
0.0932581 323.288
0.0932958 323.413
0.0933335 323.535
0.0933704 323.656
0.093407 323.781
0.0934448 323.9
0.0934827 324.014
0.0935204 324.128
0.0935567 324.247
0.0935916 324.367
0.0936294 324.493
0.0936671 324.609
0.0937044 324.726
0.09374 324.841
0.0937771 324.952
0.093815 325.074
0.093854 325.193
0.09389 325.303
0.0939254 325.425
0.0939617 325.54
0.0939994 325.645
0.0940371 325.769
0.0940731 325.891
0.0941094 326.011
0.0941475 326.131
0.0941863 326.243
0.094224 326.36
0.0942594 326.489
0.094295 326.614
0.0943327 326.728
0.0943713 326.854
0.0944078 326.974
0.0944436 327.087
0.0944809 327.205
0.094519 327.329
0.0945574 327.46
0.0945936 327.584
0.094629 327.703
0.094665 327.811
0.0947032 327.933
0.0947413 328.051
0.0947772 328.166
0.0948128 328.284
0.0948505 328.395
0.0948895 328.507
0.094927 328.618
0.0949628 328.743
0.0949986 328.866
0.0950359 328.977
0.0950741 329.098
0.0951105 329.222
0.0951463 329.351
0.0951832 329.488
0.0952218 329.619
0.0952597 329.746
0.0952964 329.883
0.0953311 330.009
0.0953679 330.129
0.0954056 330.26
0.0954429 330.379
0.095479 330.5
0.0955152 330.61
0.0955529 330.716
0.0955917 330.827
0.0956294 330.939
0.0956648 331.043
0.0957007 331.148
0.0957384 331.263
0.0957767 331.384
0.0958132 331.505
0.0958494 331.632
0.0958871 331.757
0.0959255 331.887
0.0959637 332.009
0.0960003 332.147
0.0960359 332.281
0.096073 332.408
0.0961103 332.548
0.0961476 332.686
0.0961836 332.814
0.0962203 332.928
0.096258 333.054
0.0962968 333.178
0.0963341 333.308
0.0963699 333.421
0.0964059 333.524
0.0964432 333.642
0.0964818 333.752
0.0965187 333.857
0.0965545 333.966
0.0965922 334.081
0.0966302 334.185
0.0966679 334.297
0.0967041 334.402
0.0967399 334.516
0.0967772 334.635
0.096815 334.75
0.0968523 334.864
0.0968887 334.983
0.0969254 335.101
0.0969637 335.223
0.0970021 335.347
0.0970388 335.458
0.0970737 335.58
0.0971095 335.698
0.0971468 335.809
0.097185 335.928
0.0972214 336.049
0.0972579 336.164
0.0972956 336.281
0.0973346 336.405
0.0973721 336.526
0.0974079 336.652
0.0974433 336.771
0.0974811 336.894
0.0975188 337.023
0.0975561 337.148
0.0975923 337.268
0.0976292 337.387
0.0976669 337.512
0.0977053 337.625
0.0977422 337.745
0.0977775 337.872
0.0978138 337.986
0.0978515 338.097
0.0978892 338.216
0.097925 338.336
0.0979606 338.457
0.0979979 338.571
0.0980369 338.686
0.0980749 338.797
0.0981111 338.907
0.0981474 339.023
0.0981842 339.152
0.0982215 339.273
0.098258 339.389
0.0982942 339.503
0.0983307 339.622
0.0983692 339.749
0.0984076 339.87
0.0984438 339.999
0.0984792 340.126
0.0985155 340.24
0.0985534 340.354
0.0985911 340.473
0.0986274 340.597
0.098663 340.709
0.0987007 340.826
0.0987397 340.943
0.0987776 341.065
0.098813 341.177
0.0988488 341.287
0.098887 341.396
0.0989249 341.517
0.0989616 341.637
0.0989978 341.753
0.0990351 341.873
0.0990739 341.992
0.0991123 342.11
0.0991485 342.236
0.0991839 342.363
0.0992203 342.496
0.0992581 342.623
0.0992958 342.749
0.099332 342.879
0.0993685 342.999
0.0994066 343.122
0.0994454 343.253
0.0994823 343.374
0.0995181 343.495
0.0995539 343.617
0.0995916 343.73
0.0996296 343.855
0.0996671 343.973
0.0997035 344.088
0.0997404 344.208
0.099779 344.321
0.0998167 344.431
0.0998523 344.547
0.0998881 344.645
0.099925 344.75
0.0999632 344.862
0.100001 344.978
0.100037 345.088
0.100073 345.201
0.100112 345.317
0.10015 345.442
0.100187 345.552
0.100222 345.668
0.100258 345.793
0.100295 345.912
0.100333 346.043
0.10037 346.158
0.100406 346.276
0.100444 346.392
0.100482 346.517
0.100521 346.649
0.100557 346.78
0.100592 346.904
0.100629 347.027
0.100667 347.158
0.100704 347.271
0.10074 347.388
0.100777 347.516
0.100815 347.641
0.100853 347.757
0.10089 347.872
0.100926 347.987
0.100961 348.101
0.100999 348.216
0.101037 348.32
0.101073 348.432
0.101109 348.553
0.101146 348.661
0.101185 348.771
0.101223 348.88
0.10126 348.985
0.101295 349.092
0.101332 349.197
0.10137 349.31
0.101407 349.427
0.101443 349.543
0.101479 349.654
0.101517 349.772
0.101555 349.896
0.101592 350.012
0.101627 350.139
0.101665 350.267
0.101702 350.396
0.10174 350.523
0.101776 350.654
0.101812 350.777
0.10185 350.897
0.101887 351.015
0.101926 351.135
0.101962 351.262
0.101997 351.38
0.102034 351.497
0.102072 351.622
0.10211 351.741
0.102146 351.867
0.102183 351.983
0.102221 352.105
0.10226 352.219
0.102297 352.338
0.102332 352.45
0.102369 352.57
0.102406 352.681
0.102444 352.793
0.10248 352.914
0.102516 353.027
0.102554 353.152
0.102593 353.274
0.102631 353.402
0.102667 353.52
0.102702 353.646
0.10274 353.769
0.102778 353.908
0.102815 354.045
0.102852 354.166
0.102889 354.285
0.102927 354.407
0.102964 354.54
0.103001 354.667
0.103036 354.796
0.103073 354.912
0.103111 355.025
0.103149 355.137
0.103186 355.245
0.103222 355.36
0.10326 355.472
0.103298 355.58
0.103335 355.684
0.10337 355.79
0.103406 355.894
0.103443 356.006
0.103481 356.124
0.103518 356.25
0.103554 356.371
0.103591 356.495
0.10363 356.626
0.103668 356.761
0.103705 356.893
0.10374 357.027
0.103777 357.16
0.103815 357.303
0.103852 357.422
0.103888 357.533
0.103925 357.653
0.103963 357.778
0.104001 357.895
0.104039 358.005
0.104074 358.119
0.10411 358.234
0.104148 358.345
0.104185 358.46
0.104221 358.586
0.104258 358.713
0.104295 358.846
0.104333 358.971
0.104371 359.091
0.104408 359.21
0.104444 359.331
0.10448 359.445
0.104518 359.562
0.104555 359.675
0.104591 359.793
0.104627 359.893
0.104665 359.992
0.104704 360.102
0.10474 360.235
0.104775 360.351
0.104812 360.46
0.10485 360.576
0.104887 360.701
0.104924 360.816
0.10496 360.928
0.104997 361.046
0.105036 361.168
0.105074 361.282
0.10511 361.384
0.105145 361.505
0.105183 361.626
0.105221 361.748
0.105258 361.864
0.105294 361.977
0.105331 362.094
0.10537 362.211
0.105408 362.321
0.105445 362.436
0.10548 362.542
0.105517 362.643
0.105555 362.746
0.105592 362.858
0.105629 362.97
0.105665 363.086
0.105702 363.187
0.105741 363.29
0.105778 363.404
0.105815 363.522
0.105851 363.648
0.105888 363.765
0.105926 363.894
0.105963 364.009
0.105999 364.119
0.106036 364.232
0.106075 364.367
0.106112 364.496
0.106149 364.618
0.106185 364.729
0.106222 364.837
0.106259 364.964
0.106297 365.076
0.106333 365.192
0.10637 365.322
0.106408 365.44
0.106447 365.549
0.106483 365.67
0.106518 365.786
0.106554 365.908
0.106592 366.02
0.10663 366.132
0.106667 366.249
0.106703 366.356
0.10674 366.453
0.106778 366.564
0.106817 366.676
0.106853 366.786
0.106889 366.894
0.106925 367.007
0.106963 367.136
0.107001 367.251
0.107037 367.369
0.107074 367.498
0.107112 367.625
0.10715 367.761
0.107187 367.887
0.107222 368.004
0.107258 368.125
0.107296 368.243
0.107333 368.349
0.10737 368.469
0.107406 368.591
0.107443 368.704
0.107481 368.811
0.107519 368.918
0.107556 369.018
0.107592 369.133
0.107628 369.257
0.107666 369.366
0.107703 369.494
0.107739 369.605
0.107775 369.716
0.107814 369.828
0.107852 369.949
0.107889 370.068
0.107924 370.202
0.10796 370.334
0.107998 370.447
0.108036 370.58
0.108072 370.704
0.108108 370.837
0.108145 370.966
0.108184 371.104
0.108222 371.236
0.108258 371.36
0.108293 371.476
0.108331 371.596
0.108369 371.716
0.108406 371.82
0.108443 371.926
0.10848 372.031
0.108518 372.144
0.108556 372.253
0.108593 372.36
0.108628 372.476
0.108665 372.606
0.108703 372.729
0.10874 372.849
0.108777 372.98
0.108813 373.101
0.108851 373.215
0.108889 373.332
0.108927 373.442
0.108963 373.559
0.108999 373.672
0.109036 373.784
0.109074 373.9
0.109111 374.015
0.109148 374.137
0.109185 374.259
0.109223 374.392
0.109261 374.518
0.109298 374.647
0.109333 374.769
0.109369 374.889
0.109408 375
0.109446 375.116
0.109481 375.237
0.109518 375.341
0.109556 375.451
0.109594 375.556
0.109632 375.664
0.109667 375.78
0.109702 375.891
0.109739 376.004
0.109778 376.115
0.109814 376.218
0.109851 376.329
0.109887 376.441
0.109926 376.551
0.109964 376.662
0.110001 376.771
0.110037 376.876
0.110073 376.991
0.110111 377.107
0.110148 377.223
0.110185 377.344
0.110222 377.453
0.110259 377.568
0.110298 377.688
0.110335 377.812
0.11037 377.94
0.110406 378.061
0.110443 378.172
0.110482 378.3
0.110518 378.431
0.110553 378.553
0.11059 378.673
0.110629 378.798
0.110668 378.928
0.110705 379.051
0.11074 379.16
0.110777 379.274
0.110815 379.406
0.110852 379.521
0.110887 379.636
0.110923 379.745
0.110961 379.862
0.111 379.978
0.111037 380.098
0.111072 380.213
0.111108 380.327
0.111146 380.448
0.111184 380.553
0.11122 380.666
0.111257 380.771
0.111293 380.888
0.111332 381.009
0.11137 381.136
0.111406 381.25
0.111442 381.367
0.111478 381.493
0.111517 381.612
0.111554 381.741
0.11159 381.858
0.111627 381.98
0.111665 382.097
0.111704 382.212
0.111742 382.323
0.111777 382.428
0.111813 382.536
0.111851 382.646
0.111888 382.761
0.111925 382.879
0.111961 382.994
0.111998 383.107
0.112037 383.235
0.112075 383.349
0.112112 383.465
0.112147 383.586
0.112184 383.703
0.112222 383.822
0.112259 383.937
0.112296 384.047
0.112333 384.167
0.112371 384.281
0.112409 384.394
0.112445 384.516
0.112481 384.647
0.112518 384.768
0.112555 384.893
0.112594 385.033
0.11263 385.166
0.112666 385.296
0.112704 385.415
0.112743 385.546
0.11278 385.67
0.112816 385.789
0.11285 385.887
0.112888 386.008
0.112926 386.124
0.112963 386.234
0.112998 386.356
0.113035 386.468
0.113074 386.576
0.113112 386.691
0.113149 386.804
0.113185 386.928
0.113221 387.057
0.113259 387.168
0.113297 387.291
0.113333 387.4
0.113369 387.51
0.113407 387.631
0.113446 387.758
0.113483 387.882
0.113518 388.008
0.113554 388.117
0.113592 388.237
0.11363 388.366
0.113666 388.485
0.113702 388.605
0.113739 388.726
0.113777 388.839
0.113816 388.949
0.113853 389.058
0.113888 389.171
0.113924 389.293
0.113962 389.404
0.113999 389.515
0.114036 389.639
0.114072 389.755
0.114109 389.858
0.114148 389.979
0.114185 390.105
0.114221 390.219
0.114257 390.328
0.114294 390.441
0.114333 390.562
0.114369 390.67
0.114404 390.77
0.114441 390.875
0.11448 391.001
0.114518 391.118
0.114554 391.231
0.11459 391.345
0.114627 391.462
0.114665 391.578
0.114703 391.689
0.114739 391.81
0.114776 391.93
0.114814 392.053
0.114852 392.163
0.114889 392.277
0.114925 392.394
0.114961 392.518
0.114999 392.638
0.115036 392.756
0.115073 392.878
0.115109 392.995
0.115146 393.114
0.115185 393.236
0.115224 393.358
0.11526 393.47
0.115295 393.585
0.115332 393.695
0.11537 393.812
0.115408 393.937
0.115444 394.049
0.115481 394.164
0.115519 394.276
0.115557 394.383
0.115594 394.494
0.115629 394.605
0.115666 394.727
0.115704 394.851
0.115742 394.97
0.115778 395.08
0.115814 395.206
0.115852 395.326
0.11589 395.449
0.115928 395.571
0.115964 395.687
0.115999 395.8
0.116035 395.911
0.116074 396.018
0.116112 396.138
0.116147 396.252
0.116184 396.36
0.116222 396.465
0.116261 396.573
0.116298 396.688
0.116333 396.801
0.116369 396.925
0.116408 397.057
0.116445 397.183
0.116482 397.294
0.116518 397.408
0.116555 397.518
0.116594 397.644
0.116632 397.772
0.116667 397.895
0.116702 398.023
0.11674 398.156
0.116778 398.271
0.116815 398.394
0.11685 398.522
0.116887 398.647
0.116925 398.776
0.116964 398.907
0.117001 399.01
0.117037 399.128
0.117073 399.244
0.11711 399.353
0.117147 399.462
0.117183 399.572
0.11722 399.68
0.117258 399.787
0.117296 399.893
0.117334 399.997
0.117369 400.129
0.117405 400.245
0.117443 400.355
0.11748 400.465
0.117517 400.587
0.117552 400.703
0.117589 400.818
0.117628 400.94
0.117666 401.06
0.117702 401.182
0.117739 401.296
0.117775 401.41
0.117813 401.536
0.117851 401.658
0.117887 401.777
0.117924 401.893
0.117962 402.006
0.118001 402.092
0.118038 402.167
0.118074 402.241
0.118109 402.32
0.118147 402.404
0.118185 402.475
0.118222 402.552
0.118258 402.635
0.118295 402.724
0.118334 402.817
0.118372 402.94
0.118407 403.071
0.118443 403.212
0.11848 403.34
0.118518 403.472
0.118556 403.6
0.118592 403.72
0.118629 403.846
0.118667 403.961
0.118705 404.084
0.118742 404.215
0.118778 404.327
0.118814 404.419
0.118851 404.498
0.118889 404.572
0.118926 404.664
0.118962 404.758
0.119 404.846
0.119038 404.942
0.119076 405.032
0.119112 405.127
0.119147 405.245
0.119184 405.363
0.119222 405.497
0.119259 405.648
0.119295 405.783
0.119332 405.917
0.11937 406.045
0.119409 406.177
0.119446 406.313
0.119481 406.438
0.119518 406.559
0.119556 406.68
0.119593 406.798
0.119629 406.907
0.119666 407.023
0.119703 407.135
0.119741 407.25
0.119779 407.365
0.119815 407.481
0.11985 407.588
0.119887 407.699
0.119926 407.823
0.119963 407.945
0.119999 408.067
0.120035 408.183
0.120074 408.298
0.120113 408.422
0.120149 408.54
0.120185 408.641
0.120221 408.767
0.120258 408.876
0.120296 408.989
0.120332 409.111
0.120368 409.22
0.120405 409.334
0.120444 409.457
0.120482 409.579
0.120518 409.696
0.120553 409.817
0.12059 409.918
0.120628 410.04
0.120665 410.158
0.120701 410.273
0.120737 410.391
0.120775 410.514
0.120814 410.632
0.120851 410.741
0.120886 410.856
0.120923 410.977
0.120961 411.105
0.120999 411.227
0.121036 411.342
0.121072 411.458
0.121109 411.572
0.121148 411.692
0.121186 411.802
0.121222 411.916
0.121258 412.052
0.121295 412.184
0.121333 412.312
0.12137 412.445
0.121406 412.581
0.121443 412.708
0.121481 412.84
0.121519 412.963
0.121556 413.1
0.121591 413.222
0.121628 413.329
0.121666 413.431
0.121704 413.529
0.121741 413.632
0.121777 413.729
0.121815 413.845
0.121854 413.961
0.121891 414.07
0.121926 414.185
0.121963 414.304
0.121999 414.416
0.122038 414.539
0.122074 414.656
0.12211 414.768
0.122149 414.877
0.122186 414.984
0.122225 415.088
0.12226 415.196
0.122295 415.312
0.122332 415.423
0.12237 415.535
0.122407 415.667
0.122444 415.801
0.12248 415.932
0.122518 416.06
0.122556 416.182
0.122594 416.309
0.122629 416.436
0.122666 416.547
0.122704 416.661
0.122742 416.775
0.122778 416.874
0.122814 416.974
0.122851 417.075
0.12289 417.18
0.122927 417.288
0.122963 417.395
0.122999 417.498
0.123036 417.612
0.123074 417.733
0.123111 417.844
0.123146 417.958
0.123184 418.074
0.123222 418.187
0.123261 418.305
0.123297 418.422
0.123333 418.527
0.123369 418.646
0.123406 418.766
0.123444 418.88
0.12348 419.004
0.123517 419.112
0.123554 419.218
0.123593 419.333
0.123631 419.456
0.123666 419.582
0.123701 419.712
0.123739 419.831
0.123776 419.938
0.123813 420.06
0.123849 420.172
0.123886 420.288
0.123924 420.404
0.123962 420.527
0.123999 420.635
0.124034 420.748
0.124071 420.861
0.124109 420.979
0.124147 421.106
0.124183 421.224
0.12422 421.343
0.124258 421.465
0.124297 421.587
0.124334 421.705
0.12437 421.824
0.124406 421.936
0.124443 422.051
0.124481 422.169
0.124518 422.276
0.124554 422.395
0.124591 422.522
0.124629 422.652
0.124668 422.779
0.124704 422.898
0.124739 423.026
0.124776 423.155
0.124815 423.283
0.124853 423.401
0.124889 423.519
0.124925 423.618
0.124963 423.726
0.125001 423.825
0.125039 423.935
0.125074 424.041
0.12511 424.147
0.125148 424.252
0.125186 424.363
0.125223 424.479
0.125259 424.586
0.125297 424.699
0.125335 424.804
0.125373 424.93
0.125408 425.043
0.125444 425.156
0.12548 425.265
0.125518 425.379
0.125556 425.497
0.125592 425.622
0.125628 425.743
0.125666 425.891
0.125705 426.031
0.125742 426.154
0.125778 426.287
0.125814 426.428
0.125852 426.571
0.125889 426.699
0.125926 426.819
0.125962 426.931
0.125999 427.058
0.126038 427.15
0.126076 427.248
0.126112 427.349
0.126148 427.451
0.126184 427.56
0.126222 427.658
0.126259 427.761
0.126295 427.863
0.126331 427.966
0.126369 428.075
0.126408 428.183
0.126445 428.301
0.126481 428.415
0.126517 428.527
0.126554 428.638
0.126592 428.739
0.126628 428.858
0.126665 428.976
0.126702 429.095
0.12674 429.206
0.126778 429.334
0.126814 429.455
0.12685 429.574
0.126887 429.7
0.126925 429.817
0.126961 429.954
0.126997 430.077
0.127034 430.196
0.127072 430.312
0.12711 430.441
0.127147 430.56
0.127183 430.68
0.127219 430.795
0.127257 430.897
0.127295 431.007
0.127332 431.106
0.127368 431.201
0.127406 431.306
0.127445 431.419
0.127482 431.516
0.127518 431.614
0.127553 431.713
0.127591 431.82
0.127629 431.932
0.127666 432.039
0.127702 432.152
0.127739 432.269
0.127777 432.38
0.127816 432.5
0.127852 432.614
0.127888 432.728
0.127925 432.854
0.127963 432.972
0.128001 433.093
0.128037 433.22
0.128073 433.342
0.128111 433.46
0.128149 433.585
0.128187 433.697
0.128223 433.82
0.128258 433.935
0.128296 434.045
0.128334 434.159
0.128371 434.266
0.128407 434.372
0.128444 434.481
0.128482 434.599
0.128521 434.7
0.128557 434.805
0.128592 434.91
0.128628 435.029
0.128666 435.146
0.128704 435.262
0.12874 435.384
0.128776 435.497
0.128815 435.614
0.128853 435.721
0.128892 435.835
0.128927 435.949
0.128962 436.072
0.129 436.187
0.129037 436.292
0.129074 436.41
0.12911 436.535
0.129148 436.66
0.129186 436.782
0.129224 436.903
0.12926 437.031
0.129296 437.159
0.129332 437.275
0.12937 437.388
0.129407 437.508
0.129443 437.613
0.129479 437.716
0.129517 437.825
0.129556 437.928
0.129594 438.034
0.12963 438.14
0.129666 438.244
0.129703 438.35
0.12974 438.453
0.129777 438.556
0.129813 438.674
0.12985 438.785
0.129888 438.905
0.129927 439.026
0.129962 439.138
0.129998 439.251
0.130035 439.38
0.130073 439.515
0.13011 439.646
0.130146 439.778
0.130182 439.908
0.13022 440.047
0.130258 440.18
0.130295 440.319
0.130331 440.473
0.130367 440.613
0.130405 440.732
0.130443 440.845
0.130479 440.962
0.130515 441.083
0.130553 441.192
0.130592 441.297
0.130631 441.401
0.130667 441.499
0.130702 441.586
0.130739 441.685
0.130777 441.785
0.130814 441.894
0.13085 442.009
0.130887 442.125
0.130925 442.235
0.130963 442.337
0.131001 442.437
0.131036 442.544
0.131072 442.675
0.131111 442.794
0.131148 442.916
0.131185 443.025
0.131221 443.138
0.131259 443.246
0.131297 443.384
0.131335 443.514
0.131371 443.631
0.131407 443.758
0.131444 443.87
0.131482 443.995
0.131519 444.113
0.131555 444.232
0.131592 444.338
0.131631 444.445
0.131669 444.545
0.131705 444.651
0.13174 444.757
0.131776 444.848
0.131814 444.948
0.131852 445.04
0.131888 445.146
0.131925 445.243
0.131962 445.349
0.132001 445.453
0.132039 445.553
0.132074 445.664
0.13211 445.778
0.132147 445.889
0.132185 446.005
0.132223 446.12
0.132258 446.237
0.132296 446.357
0.132334 446.476
0.132372 446.592
0.132408 446.715
0.132444 446.83
0.132481 446.954
0.132519 447.072
0.132556 447.188
0.132592 447.317
0.132628 447.433
0.132665 447.559
0.132704 447.678
0.132742 447.803
0.132778 447.922
0.132813 448.042
0.13285 448.156
0.132889 448.278
0.132925 448.386
0.132961 448.485
0.132998 448.595
0.133036 448.709
0.133074 448.83
0.13311 448.942
0.133145 449.05
0.133182 449.167
0.133221 449.287
0.133258 449.401
0.133294 449.513
0.13333 449.624
0.133368 449.741
0.133407 449.858
0.133444 449.972
0.13348 450.093
0.133516 450.211
0.133553 450.323
0.133591 450.443
0.133628 450.577
0.133665 450.709
0.133702 450.838
0.133741 450.953
0.133778 451.065
0.133815 451.186
0.13385 451.296
0.133887 451.405
0.133925 451.505
0.133962 451.601
0.133998 451.697
0.134035 451.805
0.134073 451.91
0.134112 452.016
0.134149 452.12
0.134185 452.223
0.134221 452.341
0.134259 452.452
0.134297 452.569
0.134334 452.682
0.13437 452.787
0.134407 452.903
0.134446 453.014
0.134483 453.128
0.134519 453.249
0.134555 453.359
0.134592 453.468
0.13463 453.603
0.134667 453.72
0.134703 453.859
0.13474 453.997
0.134778 454.135
0.134817 454.272
0.134853 454.409
0.134888 454.531
0.134924 454.663
0.134962 454.794
0.135001 454.898
0.135037 455.023
0.135073 455.121
0.135111 455.223
0.13515 455.309
0.135187 455.409
0.135223 455.507
0.135258 455.607
0.135296 455.707
0.135334 455.802
0.135371 455.902
0.135407 456.01
0.135444 456.122
0.135482 456.227
0.13552 456.34
0.135557 456.452
0.135592 456.571
0.135628 456.688
0.135666 456.803
0.135704 456.916
0.13574 457.037
0.135776 457.16
0.135813 457.284
0.135852 457.405
0.13589 457.53
0.135926 457.646
0.135962 457.766
0.135999 457.894
0.136037 458.009
0.136073 458.133
0.136109 458.247
0.136146 458.352
0.136184 458.446
0.136222 458.556
0.136259 458.652
0.136294 458.758
0.136331 458.845
0.136368 458.937
0.136406 459.047
0.136442 459.142
0.136478 459.235
0.136516 459.336
0.136554 459.448
0.136592 459.555
0.136627 459.658
0.136664 459.768
0.136701 459.88
0.13674 460.004
0.136777 460.117
0.136813 460.231
0.13685 460.349
0.136889 460.473
0.136927 460.585
0.136963 460.702
0.136998 460.822
0.137036 460.939
0.137073 461.068
0.137111 461.181
0.137147 461.297
0.137183 461.414
0.137221 461.539
0.13726 461.649
0.137297 461.77
0.137333 461.888
0.137369 462.008
0.137407 462.125
0.137445 462.234
0.137481 462.345
0.137518 462.459
0.137556 462.579
0.137594 462.685
0.137632 462.804
0.137667 462.916
0.137703 463.022
0.137741 463.142
0.137779 463.261
0.137815 463.369
0.137851 463.482
0.137888 463.593
0.137926 463.707
0.137965 463.83
0.138001 463.944
0.138036 464.053
0.138072 464.17
0.13811 464.285
0.138148 464.398
0.138185 464.52
0.138221 464.631
0.138258 464.743
0.138297 464.854
0.138335 464.966
0.138371 465.081
0.138406 465.198
0.138444 465.306
0.138482 465.399
0.138519 465.495
0.138555 465.593
0.138592 465.699
0.13863 465.803
0.138668 465.908
0.138705 466.003
0.13874 466.098
0.138776 466.202
0.138815 466.323
0.138852 466.434
0.138888 466.542
0.138924 466.661
0.138961 466.781
0.139 466.902
0.139038 467.013
0.139075 467.135
0.13911 467.26
0.139147 467.385
0.139185 467.497
0.139221 467.628
0.139258 467.758
0.139294 467.885
0.139332 468.019
0.13937 468.154
0.139407 468.289
0.139443 468.423
0.139479 468.54
0.139517 468.664
0.139555 468.789
0.13959 468.903
0.139626 469.012
0.139664 469.112
0.139702 469.204
0.13974 469.296
0.139776 469.395
0.139812 469.491
0.139849 469.594
0.139888 469.692
0.139925 469.785
0.139961 469.887
0.139998 469.983
0.140036 470.095
0.140074 470.197
0.140111 470.304
0.140147 470.414
0.140183 470.523
0.140221 470.641
0.140259 470.751
0.140295 470.878
0.140332 471.002
0.140369 471.135
0.140408 471.255
0.140446 471.379
0.140481 471.506
0.140517 471.623
0.140555 471.75
0.140593 471.874
0.14063 472
0.140666 472.116
0.140703 472.22
0.140742 472.329
0.14078 472.438
0.140816 472.549
0.140852 472.65
0.140888 472.748
0.140927 472.846
0.140964 472.944
0.141 473.038
0.141036 473.12
0.141074 473.235
0.141113 473.341
0.14115 473.439
0.141185 473.536
0.141221 473.644
0.141259 473.765
0.141296 473.873
0.141333 473.983
0.141369 474.105
0.141406 474.234
0.141445 474.331
0.141483 474.453
0.141519 474.589
0.141555 474.715
0.141592 474.835
0.14163 474.948
0.141667 475.077
0.141703 475.196
0.14174 475.301
0.141778 475.411
0.141817 475.538
0.141853 475.652
0.141888 475.749
0.141924 475.86
0.141962 475.975
0.142 476.088
0.142036 476.195
0.142072 476.303
0.14211 476.42
0.142149 476.53
0.142187 476.624
0.142222 476.732
0.142258 476.849
0.142295 476.958
0.142332 477.066
0.142369 477.181
0.142405 477.282
0.142442 477.395
0.14248 477.502
0.142519 477.618
0.142555 477.747
0.142591 477.862
0.142627 477.969
0.142665 478.085
0.142702 478.195
0.142739 478.316
0.142774 478.441
0.142812 478.561
0.14285 478.688
0.142888 478.811
0.142924 478.921
0.14296 479.029
0.142997 479.142
0.143036 479.249
0.143073 479.353
0.143109 479.451
0.143147 479.547
0.143185 479.641
0.143223 479.733
0.143259 479.831
0.143295 479.934
0.143331 480.037
0.143369 480.138
0.143407 480.243
0.143443 480.356
0.143479 480.466
0.143517 480.588
0.143556 480.709
0.143594 480.831
0.143629 480.941
0.143665 481.062
0.143703 481.183
0.143741 481.315
0.143778 481.435
0.143814 481.556
0.143852 481.683
0.14389 481.825
0.143928 481.956
0.143964 482.082
0.144 482.21
0.144036 482.327
0.144074 482.444
0.144112 482.556
0.144148 482.668
0.144184 482.789
0.144222 482.896
0.144261 482.981
0.144298 483.074
0.144333 483.174
0.144369 483.284
0.144407 483.396
0.144444 483.49
0.144481 483.584
0.144517 483.693
0.144554 483.784
0.144593 483.892
0.144631 483.996
0.144668 484.102
0.144703 484.213
0.14474 484.316
0.144778 484.412
0.144816 484.533
0.144851 484.656
0.144888 484.776
0.144926 484.903
0.144964 485.013
0.145001 485.133
0.145037 485.262
0.145073 485.392
0.14511 485.514
0.145148 485.63
0.145184 485.755
0.14522 485.88
0.145258 485.994
0.145296 486.095
0.145335 486.21
0.145371 486.324
0.145406 486.421
0.145443 486.51
0.145481 486.6
0.145518 486.71
0.145553 486.807
0.14559 486.894
0.145628 486.984
0.145667 487.088
0.145703 487.189
0.145738 487.285
0.145775 487.371
0.145813 487.467
0.145851 487.579
0.145887 487.684
0.145923 487.796
0.14596 487.921
0.145998 488.04
0.146036 488.163
0.146072 488.283
0.146108 488.414
0.146146 488.544
0.146184 488.674
0.146221 488.796
0.146257 488.928
0.146294 489.04
0.146332 489.147
0.146371 489.27
0.146408 489.397
0.146443 489.51
0.146479 489.613
0.146517 489.734
0.146555 489.858
0.146592 489.982
0.146628 490.084
0.146666 490.192
0.146704 490.308
0.146742 490.419
0.146778 490.513
0.146814 490.617
0.146851 490.729
0.146889 490.842
0.146926 490.94
0.146963 491.039
0.147 491.14
0.147038 491.25
0.147076 491.36
0.147112 491.466
0.147148 491.575
0.147185 491.688
0.147222 491.806
0.14726 491.92
0.147296 492.039
0.147332 492.156
0.14737 492.284
0.147409 492.405
0.147446 492.52
0.147482 492.632
0.147518 492.751
0.147555 492.871
0.147593 492.98
0.147629 493.084
0.147665 493.184
0.147702 493.289
0.147742 493.39
0.147779 493.488
0.147816 493.578
0.147851 493.684
0.147888 493.79
0.147926 493.895
0.147963 494.003
0.148 494.113
0.148036 494.232
0.148074 494.349
0.148112 494.461
0.148149 494.569
0.148184 494.702
0.148221 494.82
0.148258 494.939
0.148296 495.053
0.148333 495.176
0.148368 495.303
0.148406 495.427
0.148445 495.549
0.148483 495.676
0.148519 495.817
0.148554 495.94
0.148592 496.068
0.148629 496.193
0.148667 496.316
0.148702 496.43
0.148739 496.545
0.148776 496.647
0.148814 496.75
0.148851 496.848
0.148887 496.945
0.148924 497.047
0.148961 497.143
0.148999 497.23
0.149035 497.335
0.14907 497.432
0.149107 497.53
0.149146 497.633
0.149184 497.742
0.149221 497.856
0.149257 497.976
0.149294 498.079
0.149333 498.185
0.149369 498.304
0.149405 498.431
0.149442 498.562
0.14948 498.675
0.149519 498.797
0.149556 498.91
0.149591 499.038
0.149628 499.157
0.149665 499.28
0.149703 499.41
0.149739 499.544
0.149776 499.647
0.149813 499.738
0.149852 499.862
0.149889 499.974
0.149926 500.096
0.149961 500.187
0.149999 500.28
0.150037 500.391
0.150074 500.495
0.150111 500.589
0.150148 500.687
0.150186 500.791
0.150224 500.885
0.150261 500.995
0.150296 501.101
0.150333 501.21
0.150371 501.317
0.150408 501.415
0.150444 501.531
0.150481 501.646
0.150519 501.751
0.150557 501.864
0.150595 501.978
0.15063 502.093
0.150666 502.197
0.150703 502.317
0.150741 502.445
0.150778 502.569
0.150813 502.682
0.15085 502.798
0.15089 502.925
0.150928 503.037
0.150965 503.146
0.151 503.261
0.151036 503.393
0.151074 503.504
0.151112 503.595
0.151148 503.703
0.151184 503.818
0.151222 503.926
0.15126 504.033
0.151298 504.136
0.151333 504.247
0.151369 504.352
0.151407 504.45
0.151445 504.56
0.151482 504.672
0.151517 504.767
0.151554 504.874
0.151592 504.99
0.151631 505.102
0.151667 505.219
0.151703 505.321
0.151739 505.42
0.151777 505.536
0.151814 505.665
0.151851 505.777
0.151887 505.882
0.151924 505.98
0.151963 506.094
0.151999 506.217
0.152035 506.328
0.152071 506.448
0.152109 506.568
0.152147 506.684
0.152183 506.782
0.152219 506.893
0.152256 507.017
0.152294 507.137
0.152333 507.236
0.152369 507.336
0.152405 507.461
0.152442 507.566
0.15248 507.667
0.152517 507.775
0.152554 507.882
0.152591 507.995
0.152629 508.096
0.152667 508.2
0.152704 508.312
0.15274 508.433
0.152776 508.533
0.152813 508.632
0.152851 508.755
0.152888 508.88
0.152924 509.013
0.152961 509.126
0.153 509.234
0.153039 509.361
0.153074 509.506
0.15311 509.62
0.153147 509.741
0.153185 509.877
0.153223 510.006
0.153259 510.115
0.153296 510.217
0.153334 510.337
0.153372 510.468
0.153409 510.567
0.153444 510.649
0.15348 510.748
0.153519 510.857
0.153557 510.957
0.153593 511.043
0.153629 511.138
0.153667 511.236
0.153706 511.331
0.153743 511.432
0.153778 511.539
0.153814 511.649
0.153851 511.754
0.153889 511.857
0.153926 511.962
0.153962 512.072
0.153999 512.2
0.154038 512.316
0.154076 512.429
0.154112 512.539
0.154148 512.663
0.154184 512.78
0.154222 512.893
0.15426 513.011
0.154296 513.141
0.154332 513.271
0.15437 513.37
0.154408 513.476
0.154446 513.596
0.154482 513.717
0.154517 513.816
0.154555 513.915
0.154593 514.022
0.154629 514.122
0.154665 514.219
0.154702 514.308
0.154741 514.416
0.154779 514.517
0.154816 514.606
0.154851 514.694
0.154887 514.802
0.154925 514.918
0.154962 515.016
0.154999 515.098
0.155035 515.194
0.155073 515.304
0.155111 515.415
0.155148 515.512
0.155184 515.617
0.155219 515.729
0.155257 515.842
0.155295 515.953
0.155331 516.071
0.155367 516.201
0.155404 516.311
0.155443 516.424
0.155481 516.529
0.155517 516.661
0.155553 516.796
0.155589 516.914
0.155628 517.014
0.155666 517.119
0.155702 517.233
0.155739 517.349
0.155777 517.484
0.155815 517.599
0.155852 517.708
0.155888 517.803
0.155924 517.904
0.155962 518.027
0.156 518.149
0.156036 518.25
0.156073 518.334
0.15611 518.44
0.156149 518.554
0.156187 518.658
0.156223 518.749
0.156258 518.848
0.156295 518.966
0.156333 519.079
0.156371 519.191
0.156407 519.302
0.156444 519.439
0.156482 519.557
0.15652 519.669
0.156557 519.787
0.156593 519.912
0.156629 520.05
0.156666 520.162
0.156704 520.27
0.156741 520.371
0.156777 520.477
0.156815 520.592
0.156853 520.713
0.156891 520.811
0.156927 520.897
0.156962 520.985
0.156999 521.085
0.157037 521.202
0.157074 521.32
0.15711 521.416
0.157147 521.513
0.157185 521.61
0.157224 521.717
0.157261 521.822
0.157296 521.928
0.157333 522.042
0.157371 522.149
0.157408 522.238
0.157444 522.328
0.157481 522.447
0.157518 522.562
0.157557 522.664
0.157594 522.758
0.15763 522.875
0.157665 522.998
0.157703 523.11
0.157741 523.224
0.157778 523.345
0.157813 523.464
0.15785 523.566
0.157888 523.697
0.157927 523.821
0.157964 523.942
0.158 524.04
0.158036 524.144
0.158074 524.27
0.158111 524.394
0.158147 524.508
0.158183 524.599
0.15822 524.717
0.158258 524.822
0.158296 524.938
0.158331 525.045
0.158368 525.163
0.158405 525.278
0.158443 525.376
0.15848 525.463
0.158515 525.57
0.158552 525.695
0.15859 525.795
0.158629 525.897
0.158665 525.994
0.158701 526.115
0.158738 526.232
0.158776 526.352
0.158813 526.483
0.15885 526.612
0.158886 526.726
0.158924 526.837
0.158963 526.97
0.159001 527.105
0.159037 527.218
0.159073 527.315
0.15911 527.428
0.159148 527.546
0.159185 527.645
0.159221 527.735
0.159258 527.825
0.159296 527.941
0.159334 528.054
0.159371 528.152
0.159406 528.263
0.159443 528.372
0.159481 528.471
0.159518 528.562
0.159555 528.673
0.159592 528.794
0.15963 528.897
0.159668 528.982
0.159705 529.085
0.15974 529.2
0.159777 529.305
0.159815 529.412
0.159853 529.529
0.159889 529.64
0.159926 529.743
0.159963 529.844
0.160001 529.979
0.160039 530.102
0.160075 530.201
0.16011 530.295
0.160147 530.417
0.160185 530.538
0.160222 530.642
0.160258 530.742
0.160295 530.843
0.160333 530.958
0.160372 531.054
0.160409 531.156
0.160444 531.259
0.16048 531.363
0.160518 531.452
0.160556 531.556
0.160593 531.673
0.160629 531.793
0.160666 531.897
0.160705 531.999
0.160742 532.121
0.160778 532.233
0.160814 532.332
0.160851 532.439
0.160889 532.546
0.160925 532.64
0.160961 532.728
0.160998 532.822
0.161037 532.941
0.161075 533.045
0.161112 533.127
0.161148 533.23
0.161184 533.361
0.161221 533.476
0.161259 533.569
0.161295 533.672
0.161331 533.793
0.161368 533.901
0.161407 533.993
0.161444 534.099
0.16148 534.211
0.161515 534.308
0.161553 534.394
0.161591 534.496
0.161629 534.613
0.161664 534.71
0.161701 534.795
0.161739 534.899
0.161777 535.006
0.161814 535.098
0.161849 535.194
0.161886 535.3
0.161924 535.405
0.161962 535.492
0.161999 535.592
0.162035 535.712
0.162073 535.822
0.162111 535.91
0.162149 536.006
0.162185 536.119
0.16222 536.245
0.162258 536.344
0.162295 536.427
0.162332 536.544
0.162368 536.668
0.162406 536.772
0.162444 536.876
0.162482 536.997
0.16252 537.122
0.162555 537.24
0.162592 537.353
0.16263 537.488
0.162667 537.618
0.162703 537.727
0.16274 537.844
0.162778 537.965
0.162816 538.065
0.162854 538.174
0.162889 538.287
0.162925 538.392
0.162963 538.479
0.163001 538.571
0.163038 538.685
0.163074 538.802
0.163111 538.882
0.163149 538.981
0.163188 539.103
0.163223 539.225
0.163258 539.322
0.163295 539.416
0.163333 539.537
0.163371 539.643
0.163407 539.74
0.163443 539.836
0.163482 539.956
0.16352 540.058
0.163557 540.129
0.163593 540.214
0.163629 540.314
0.163667 540.409
0.163704 540.506
0.163741 540.615
0.163777 540.714
0.163814 540.799
0.163853 540.892
0.16389 541.007
0.163926 541.138
0.163962 541.243
0.163999 541.347
0.164037 541.473
0.164074 541.582
0.16411 541.677
0.164146 541.785
0.164184 541.913
0.164223 542.027
0.16426 542.121
0.164296 542.212
0.164332 542.322
0.164369 542.436
0.164407 542.535
0.164443 542.635
0.16448 542.752
0.164517 542.854
0.164555 542.956
0.164593 543.058
0.164628 543.169
0.164664 543.282
0.164701 543.394
0.164739 543.513
0.164776 543.623
0.164812 543.737
0.164848 543.842
0.164887 543.975
0.164925 544.081
0.164962 544.189
0.164998 544.308
0.165034 544.425
0.165073 544.526
0.16511 544.614
0.165146 544.733
0.165183 544.851
0.165221 544.955
0.16526 545.038
0.165297 545.146
0.165333 545.259
0.165369 545.357
0.165406 545.462
0.165444 545.571
0.165481 545.685
0.165517 545.778
0.165554 545.874
0.165592 545.982
0.165631 546.097
0.165667 546.208
0.165703 546.311
0.165739 546.41
0.165777 546.511
0.165815 546.619
0.165851 546.73
0.165888 546.829
0.165926 546.928
0.165965 547.051
0.166002 547.181
0.166037 547.285
0.166074 547.374
0.16611 547.51
0.166149 547.647
0.166185 547.763
0.166221 547.871
0.166259 548.001
0.166297 548.12
0.166335 548.219
0.166371 548.308
0.166406 548.428
0.166442 548.561
0.16648 548.652
0.166519 548.755
0.166554 548.864
0.166591 548.978
0.166629 549.095
0.166668 549.212
0.166706 549.311
0.166741 549.419
0.166777 549.54
0.166815 549.66
0.166852 549.756
0.166889 549.839
0.166925 549.957
0.166962 550.085
0.167001 550.165
0.167039 550.252
0.167075 550.378
0.16711 550.515
0.167147 550.612
0.167185 550.712
0.167222 550.848
0.167258 550.988
0.167294 551.095
0.167332 551.197
0.167371 551.333
0.167409 551.467
0.167444 551.572
0.16748 551.664
0.167517 551.763
0.167555 551.868
0.167591 551.969
0.167627 552.077
0.167665 552.154
0.167703 552.236
0.167741 552.355
0.167777 552.472
0.167812 552.549
0.167849 552.626
0.167887 552.746
0.167924 552.885
0.16796 552.971
0.167997 553.048
0.168034 553.177
0.168073 553.303
0.16811 553.384
0.168146 553.466
0.168182 553.592
0.16822 553.72
0.168258 553.816
0.168295 553.902
0.168331 554.031
0.168368 554.156
0.168407 554.273
0.168445 554.389
0.168481 554.505
0.168517 554.626
0.168554 554.766
0.168593 554.899
0.168629 554.991
0.168665 555.083
0.168702 555.226
0.16874 555.381
0.168778 555.461
0.168815 555.524
0.168851 555.655
0.168887 555.794
0.168925 555.871
0.168963 555.948
0.168999 556.075
0.169036 556.19
0.169074 556.267
0.169113 556.354
0.16915 556.477
0.169186 556.599
0.169221 556.695
0.169259 556.779
0.169297 556.898
0.169334 557.011
0.16937 557.118
0.169407 557.226
0.169446 557.322
0.169484 557.412
0.16952 557.538
0.169555 557.665
0.169591 557.73
0.169629 557.815
0.169667 557.939
0.169702 558.057
0.169739 558.126
0.169777 558.206
0.169816 558.324
0.169853 558.439
0.169889 558.509
0.169925 558.583
0.169963 558.698
0.170001 558.811
0.170038 558.9
0.170074 558.988
0.170111 559.106
0.170149 559.219
0.170187 559.315
0.170223 559.412
0.170258 559.523
0.170295 559.633
0.170333 559.735
0.17037 559.837
0.170406 559.944
0.170443 560.07
0.170481 560.201
0.170519 560.287
0.170556 560.378
0.170592 560.5
0.170628 560.632
0.170665 560.735
0.170703 560.84
0.17074 560.947
0.170775 561.064
0.170813 561.163
0.170851 561.253
0.170889 561.376
0.170925 561.483
0.17096 561.576
0.170997 561.683
0.171035 561.819
0.171073 561.936
0.171109 562.035
0.171145 562.115
0.171183 562.227
0.171222 562.36
0.171259 562.479
0.171294 562.571
0.17133 562.656
0.171368 562.773
0.171407 562.889
0.171443 562.977
0.171479 563.055
0.171517 563.175
0.171555 563.289
0.171593 563.382
0.17163 563.469
0.171665 563.583
0.171702 563.704
0.17174 563.788
0.171777 563.881
0.171814 564.018
0.17185 564.159
0.171888 564.255
0.171927 564.352
0.171964 564.474
0.171999 564.606
0.172035 564.73
0.172073 564.842
0.172111 564.956
0.172148 565.08
0.172185 565.196
0.172222 565.279
0.17226 565.39
0.172299 565.508
0.172334 565.624
0.172369 565.709
0.172407 565.791
0.172445 565.905
0.172482 566.017
0.172518 566.11
0.172555 566.188
0.172593 566.294
0.172632 566.41
0.172668 566.497
0.172703 566.589
0.172739 566.704
0.172777 566.812
0.172815 566.906
0.172851 567.003
0.172887 567.103
0.172925 567.21
0.172964 567.331
0.173002 567.427
0.173037 567.524
0.173074 567.63
0.173111 567.735
0.173149 567.853
0.173186 567.966
0.173222 568.099
0.173259 568.2
0.173297 568.282
0.173335 568.39
0.173371 568.532
0.173407 568.65
0.173443 568.722
0.173481 568.811
0.173518 568.931
0.173555 569.034
0.173591 569.104
0.173629 569.209
0.173667 569.342
0.173705 569.428
0.173741 569.481
0.173776 569.595
0.173814 569.726
0.173851 569.835
0.173887 569.917
0.173924 570.024
0.173961 570.134
0.173999 570.224
0.174037 570.321
0.174074 570.426
0.174109 570.552
0.174146 570.656
0.174183 570.743
0.174221 570.822
0.174257 570.931
0.174293 571.074
0.174331 571.185
0.174369 571.262
0.174406 571.369
0.174442 571.506
0.174478 571.606
0.174516 571.685
0.174554 571.806
0.174591 571.955
0.174628 572.061
0.174665 572.109
0.174704 572.218
0.174742 572.378
0.174778 572.478
0.174813 572.557
0.17485 572.676
0.174888 572.81
0.174926 572.895
0.174962 572.97
0.174998 573.08
0.175036 573.213
0.175075 573.31
0.175112 573.37
0.175147 573.462
0.175183 573.604
0.175221 573.713
0.175259 573.786
0.175296 573.894
0.175332 574.018
0.17537 574.124
0.175408 574.217
0.175446 574.321
0.175482 574.458
0.175517 574.577
0.175555 574.637
0.175593 574.713
0.17563 574.838
0.175666 574.953
0.175703 575.035
0.175741 575.125
0.17578 575.231
0.175816 575.335
0.175851 575.413
0.175887 575.517
0.175925 575.656
0.175963 575.783
0.175999 575.855
0.176035 575.924
0.176073 576.056
0.176112 576.199
0.17615 576.294
0.176186 576.365
0.176221 576.482
0.176259 576.6
0.176296 576.688
0.176334 576.77
0.176369 576.894
0.176406 577.029
0.176445 577.134
0.176483 577.204
0.176519 577.324
0.176555 577.467
0.176591 577.559
0.17663 577.638
0.176667 577.745
0.176703 577.884
0.176739 577.99
0.176776 578.071
0.176815 578.176
0.176853 578.324
0.176889 578.421
0.176925 578.487
0.176962 578.605
0.177 578.781
0.177036 578.911
0.177072 578.972
0.177109 579.078
0.177146 579.238
0.177185 579.36
0.177221 579.434
0.177257 579.531
0.177294 579.665
0.177331 579.783
0.177369 579.846
0.177405 579.929
0.177441 580.062
0.177479 580.174
0.177517 580.245
0.177555 580.329
0.177591 580.454
0.177627 580.569
0.177664 580.649
0.177703 580.739
0.177739 580.866
0.177775 580.995
0.177813 581.077
0.177852 581.145
0.17789 581.29
0.177926 581.424
0.177962 581.498
0.177998 581.575
0.178036 581.717
0.178073 581.843
0.17811 581.93
0.178146 582.019
0.178184 582.157
0.178223 582.292
0.17826 582.357
0.178296 582.446
0.178332 582.592
0.17837 582.74
0.178408 582.802
0.178445 582.871
0.178481 582.98
0.178518 583.096
0.178556 583.172
0.178594 583.246
0.17863 583.353
0.178666 583.47
0.178703 583.542
0.178741 583.596
0.178779 583.732
0.178815 583.88
0.178852 583.968
0.17889 584.032
0.178928 584.144
0.178965 584.292
0.179 584.401
0.179036 584.48
0.179074 584.585
0.179111 584.725
0.179148 584.82
0.179184 584.88
0.179221 585.001
0.17926 585.145
0.179298 585.243
0.179334 585.305
0.179369 585.416
0.179407 585.553
0.179445 585.671
0.179482 585.754
0.179518 585.854
0.179555 585.991
0.179593 586.11
0.179631 586.198
0.179668 586.31
0.179703 586.449
0.17974 586.55
0.179777 586.638
0.179815 586.733
0.179851 586.85
0.179887 586.962
0.179925 587.052
0.179964 587.134
0.180001 587.233
0.180038 587.337
0.180074 587.415
0.18011 587.525
0.180148 587.647
0.180185 587.751
0.180221 587.85
0.180257 587.953
0.180295 588.065
0.180333 588.183
0.18037 588.286
0.180405 588.367
0.180441 588.469
0.180479 588.563
0.180518 588.649
0.180554 588.761
0.180589 588.856
0.180627 588.958
0.180666 589.07
0.180704 589.156
0.18074 589.258
0.180775 589.4
0.180813 589.53
0.180851 589.636
0.180888 589.748
0.180924 589.846
0.180962 589.949
0.181 590.059
0.181038 590.172
0.181075 590.281
0.18111 590.375
0.181146 590.462
0.181184 590.575
0.181222 590.696
0.181258 590.801
0.181294 590.907
0.181332 591.002
0.181371 591.103
0.181408 591.2
0.181444 591.316
0.18148 591.429
0.181518 591.529
0.181556 591.631
0.181593 591.727
0.181629 591.815
0.181666 591.909
0.181705 592.034
0.181743 592.137
0.181779 592.243
0.181814 592.351
0.181851 592.447
0.181889 592.568
0.181927 592.688
0.181963 592.795
0.182 592.91
0.182038 593.02
0.182076 593.128
0.182113 593.239
0.182148 593.351
0.182183 593.458
0.182222 593.572
0.18226 593.662
0.182296 593.76
0.182332 593.871
0.18237 593.965
0.182409 594.067
0.182447 594.172
0.182482 594.272
0.182518 594.377
0.182555 594.472
0.182593 594.567
0.18263 594.661
0.182666 594.764
0.182703 594.86
0.182741 594.969
0.18278 595.068
0.182817 595.18
0.182852 595.279
0.182888 595.374
0.182925 595.479
0.182963 595.584
0.182999 595.711
0.183035 595.814
0.183072 595.917
0.183111 596.013
0.183149 596.105
0.183185 596.211
0.183221 596.334
0.183258 596.428
0.183295 596.51
0.183332 596.58
0.183368 596.637
0.183405 596.7
0.183443 596.768
0.183481 596.838
0.183518 596.926
0.183553 597.003
0.18359 597.067
0.183627 597.143
0.183665 597.245
0.183702 597.37
0.183738 597.486
0.183775 597.604
0.183814 597.728
0.183852 597.847
0.183887 597.963
0.183923 598.073
0.18396 598.196
0.183998 598.304
0.184035 598.409
0.184072 598.532
0.184109 598.649
0.184147 598.743
0.184185 598.836
0.184222 598.949
0.184258 599.059
0.184294 599.166
0.184332 599.261
0.18437 599.366
0.184406 599.472
0.184443 599.565
0.18448 599.671
0.184519 599.788
0.184556 599.897
0.184592 600.005
0.184628 600.11
0.184666 600.217
0.184704 600.325
0.184741 600.441
0.184777 600.548
0.184814 600.652
0.184852 600.747
0.184891 600.839
0.184927 600.949
0.184962 601.062
0.184999 601.164
0.185037 601.262
0.185075 601.357
0.185111 601.461
0.185148 601.571
0.185186 601.684
0.185224 601.78
0.185261 601.873
0.185297 601.966
0.185332 602.08
0.185369 602.188
0.185407 602.274
0.185444 602.38
0.18548 602.488
0.185517 602.589
0.185556 602.685
0.185594 602.8
0.185631 602.928
0.185666 603.051
0.185702 603.143
0.185741 603.233
0.185779 603.348
0.185814 603.474
0.185851 603.581
0.185889 603.68
0.185927 603.773
0.185964 603.886
0.186 604.002
0.186036 604.102
0.186074 604.205
0.186111 604.309
0.186147 604.418
0.186182 604.516
0.18622 604.626
0.186259 604.728
0.186298 604.838
0.186334 604.944
0.18637 605.042
0.186406 605.139
0.186444 605.234
0.186481 605.336
0.186517 605.446
0.186554 605.538
0.186591 605.615
0.186629 605.713
0.186666 605.825
0.186702 605.916
0.186738 606
0.186776 606.097
0.186814 606.202
0.18685 606.318
0.186886 606.431
0.186923 606.534
0.186961 606.652
0.186999 606.772
0.187035 606.881
0.187071 607.003
0.187108 607.13
0.187147 607.237
0.187184 607.346
0.18722 607.455
0.187257 607.553
0.187296 607.655
0.187334 607.768
0.187371 607.871
0.187406 607.964
0.187442 608.06
0.18748 608.158
0.187518 608.274
0.187554 608.388
0.18759 608.498
0.187628 608.595
0.187666 608.695
0.187705 608.783
0.187741 608.888
0.187777 609.007
0.187813 609.11
0.187851 609.193
0.187889 609.284
0.187925 609.386
0.187962 609.5
0.188 609.606
0.188039 609.711
0.188075 609.828
0.188111 609.932
0.188148 610.026
0.188185 610.135
0.188223 610.262
0.18826 610.379
0.188296 610.486
0.188334 610.571
0.188372 610.675
0.188409 610.787
0.188445 610.898
0.18848 611.003
0.188518 611.11
0.188555 611.2
0.188592 611.298
0.188628 611.402
0.188666 611.507
0.188704 611.605
0.188743 611.69
0.188779 611.789
0.188814 611.902
0.188851 612.007
0.188889 612.098
0.188927 612.204
0.188963 612.308
0.189 612.409
0.189037 612.515
0.189076 612.619
0.189113 612.738
0.189148 612.851
0.189184 612.939
0.189222 613.035
0.189259 613.142
0.189296 613.243
0.189332 613.345
0.189369 613.439
0.189408 613.521
0.189445 613.623
0.189482 613.723
0.189517 613.83
0.189554 613.929
0.189592 614.026
0.189629 614.132
0.189665 614.251
0.189701 614.364
0.189739 614.473
0.189778 614.582
0.189815 614.683
0.18985 614.787
0.189886 614.887
0.189924 614.985
0.189962 615.082
0.189998 615.185
0.190034 615.272
0.190071 615.353
0.19011 615.448
0.190148 615.554
0.190183 615.655
0.190219 615.758
0.190256 615.85
0.190295 615.951
0.190332 616.053
0.190368 616.148
0.190405 616.265
0.190444 616.375
0.190482 616.476
0.190519 616.576
0.190554 616.693
0.190591 616.792
0.190629 616.895
0.190667 617.001
0.190703 617.116
0.190739 617.224
0.190777 617.317
0.190815 617.428
0.190854 617.543
0.190889 617.655
0.190925 617.748
0.190962 617.851
0.191 617.971
0.191038 618.08
0.191074 618.175
0.19111 618.276
0.191149 618.39
0.191187 618.472
0.191223 618.564
0.191259 618.67
0.191295 618.769
0.191333 618.872
0.191371 618.951
0.191408 619.051
0.191444 619.166
0.191482 619.268
0.19152 619.359
0.191557 619.476
0.191593 619.579
0.191629 619.677
0.191666 619.792
0.191704 619.89
0.19174 620.01
0.191777 620.115
0.191814 620.207
0.191852 620.309
0.191891 620.434
0.191927 620.537
0.191963 620.63
0.191999 620.731
0.192037 620.828
0.192075 620.941
0.192111 621.039
0.192147 621.137
0.192186 621.24
0.192224 621.34
0.192261 621.413
0.192296 621.512
0.192332 621.619
0.192369 621.714
0.192407 621.806
0.192444 621.908
0.19248 622.008
0.192517 622.117
0.192556 622.216
0.192594 622.316
0.192631 622.431
0.192666 622.536
0.192702 622.626
0.19274 622.727
0.192777 622.839
0.192813 622.937
0.19285 623.028
0.192887 623.123
0.192926 623.232
0.192963 623.33
0.192998 623.416
0.193034 623.503
0.193071 623.602
0.19311 623.696
0.193146 623.786
0.193182 623.88
0.193219 623.98
0.193258 624.07
0.193296 624.149
0.193332 624.259
0.193368 624.354
0.193405 624.459
0.193443 624.559
0.193481 624.664
0.193517 624.771
0.193554 624.883
0.193592 624.986
0.19363 625.074
0.193667 625.193
0.193703 625.297
0.193739 625.408
0.193777 625.506
0.193814 625.624
0.193851 625.736
0.193887 625.837
0.193925 625.924
0.193963 626.024
0.194001 626.14
0.194037 626.233
0.194073 626.326
0.19411 626.425
0.194148 626.523
0.194186 626.613
0.194222 626.7
0.194258 626.8
0.194297 626.901
0.194335 626.998
0.194372 627.097
0.194407 627.208
0.194444 627.324
0.194481 627.443
0.194519 627.558
0.194555 627.674
0.194592 627.793
0.19463 627.908
0.194669 628.014
0.194705 628.13
0.194741 628.25
0.194777 628.35
0.194814 628.445
0.194852 628.546
0.194888 628.665
0.194925 628.769
0.194962 628.875
0.195 628.982
0.195039 629.104
0.195075 629.196
0.195111 629.287
0.195148 629.397
0.195185 629.511
0.195223 629.612
0.195259 629.705
0.195295 629.81
0.195334 629.91
0.195371 630.004
0.195409 630.091
0.195444 630.201
0.19548 630.305
0.195518 630.412
0.195556 630.507
0.195592 630.608
0.195628 630.712
0.195664 630.806
0.195703 630.894
0.195742 631.003
0.195779 631.119
0.195814 631.226
0.19585 631.328
0.195888 631.424
0.195925 631.527
0.195961 631.626
0.195998 631.728
0.196035 631.838
0.196074 631.941
0.196111 632.036
0.196147 632.128
0.196183 632.227
0.19622 632.328
0.196259 632.433
0.196294 632.537
0.19633 632.637
0.196367 632.735
0.196405 632.834
0.196444 632.933
0.19648 633.034
0.196516 633.143
0.196553 633.253
0.196591 633.353
0.196628 633.455
0.196664 633.561
0.196701 633.664
0.19674 633.764
0.196778 633.873
0.196816 633.992
0.196851 634.109
0.196887 634.212
0.196924 634.324
0.196963 634.446
0.196999 634.566
0.197036 634.676
0.197072 634.791
0.197111 634.911
0.197149 635.014
0.197186 635.116
0.197221 635.206
0.197258 635.3
0.197296 635.387
0.197334 635.479
0.197371 635.57
0.197407 635.648
0.197445 635.725
0.197483 635.813
0.19752 635.905
0.197556 635.999
0.197592 636.093
0.197629 636.186
0.197668 636.29
0.197704 636.396
0.197741 636.496
0.197778 636.592
0.197817 636.696
0.197854 636.798
0.197889 636.908
0.197924 637.003
0.197962 637.115
0.197999 637.235
0.198037 637.332
0.198073 637.43
0.198109 637.538
0.198148 637.658
0.198186 637.782
0.198223 637.896
0.198259 637.994
0.198296 638.115
0.198333 638.214
0.198371 638.309
0.198407 638.416
0.198444 638.527
0.198481 638.622
0.19852 638.71
0.198557 638.785
0.198592 638.874
0.198628 638.975
0.198666 639.058
0.198703 639.154
0.19874 639.252
0.198777 639.356
0.198813 639.451
0.198851 639.549
0.198889 639.651
0.198927 639.759
0.198962 639.86
0.198998 639.953
0.199036 640.056
0.199073 640.154
0.199109 640.267
0.199146 640.362
0.199183 640.458
0.199222 640.559
0.19926 640.661
0.199295 640.755
0.199331 640.847
0.199368 640.954
0.199406 641.062
0.199443 641.167
0.199478 641.253
0.199515 641.361
0.199554 641.465
0.199592 641.57
0.199629 641.675
0.199664 641.78
0.199701 641.901
0.199739 642.006
0.199776 642.11
0.199813 642.202
0.19985 642.299
0.199888 642.383
0.199926 642.466
0.199964 642.569
0.199999 642.663
0.200035 642.757
0.200072 642.843
0.20011 642.945
0.200147 643.051
0.200184 643.155
0.200221 643.262
0.200259 643.37
0.200297 643.485
0.200334 643.583
0.200369 643.673
0.200406 643.775
0.200444 643.882
0.200481 643.974
0.200518 644.056
0.200555 644.159
0.200593 644.253
0.200631 644.358
0.200668 644.462
0.200704 644.552
0.20074 644.663
0.200777 644.779
0.200815 644.891
0.200852 645
0.200888 645.122
0.200926 645.229
0.200964 645.333
0.201002 645.429
0.201038 645.534
0.201073 645.643
0.20111 645.741
0.201148 645.828
0.201185 645.93
0.201222 646.029