0.000000000000000000e+00 0.000000000000000000e+00
1.001001001001000992e-03 1.501250917145747349e-03
2.002002002002001985e-03 3.002000330993494226e-03
3.003003003003002977e-03 4.502247739286670963e-03
4.004004004004003969e-03 6.001992639265554819e-03
5.005005005005004962e-03 7.501234527667047930e-03
6.006006006006005954e-03 8.999972900723900160e-03
7.007007007007006946e-03 1.049820725416448705e-02
8.008008008008007939e-03 1.199593708321192165e-02
9.009009009009008931e-03 1.349316188258405450e-02
1.001001001001000992e-02 1.498988114649247444e-02
1.101101101101101092e-02 1.648609436864250863e-02
1.201201201201201191e-02 1.798180104223200126e-02
1.301301301301301290e-02 1.947700065995153565e-02
1.401401401401401389e-02 2.097169271398365703e-02
1.501501501501501488e-02 2.246587669600220646e-02
1.601601601601601588e-02 2.395955209717187673e-02
1.701701701701701860e-02 2.545271840814788272e-02
1.801801801801801786e-02 2.694537511907527799e-02
1.901901901901902059e-02 2.843752171958865982e-02
2.002002002002001985e-02 2.992915769881111798e-02
2.102102102102102257e-02 3.142028254535440129e-02
2.202202202202202183e-02 3.291089574731797390e-02
2.302302302302302456e-02 3.440099679228884877e-02
2.402402402402402382e-02 3.589058516734053295e-02
2.502502502502502654e-02 3.737966035903308309e-02
2.602602602602602580e-02 3.886822185341216179e-02
2.702702702702702853e-02 4.035626913600887100e-02
2.802802802802802778e-02 4.184380169183891940e-02
2.902902902902903051e-02 4.333081900540234482e-02
3.003003003003002977e-02 4.481732056068301467e-02
3.103103103103103250e-02 4.630330584114779324e-02
3.203203203203203175e-02 4.778877432974626416e-02
3.303303303303303101e-02 4.927372550891044589e-02
3.403403403403403721e-02 5.075815886055366766e-02
3.503503503503503647e-02 5.224207386607052084e-02
3.603603603603603572e-02 5.372547000633638714e-02
3.703703703703703498e-02 5.520834676170638389e-02
3.803803803803804118e-02 5.669070361201561381e-02
3.903903903903904044e-02 5.817254003657788830e-02
4.004004004004003969e-02 5.965385551418581067e-02
4.104104104104103895e-02 6.113464952310972145e-02
4.204204204204204515e-02 6.261492154109783714e-02
4.304304304304304440e-02 6.409467104537486248e-02
4.404404404404404366e-02 6.557389751264229572e-02
4.504504504504504292e-02 6.705260041907737389e-02
4.604604604604604912e-02 6.853077924033287860e-02
4.704704704704704837e-02 7.000843345153630326e-02
4.804804804804804763e-02 7.148556252728960336e-02
4.904904904904904689e-02 7.296216594166836378e-02
5.005005005005005309e-02 7.443824316822171550e-02
5.105105105105105234e-02 7.591379367997128091e-02
5.205205205205205160e-02 7.738881694941114608e-02
5.305305305305305086e-02 7.886331244850702804e-02
5.405405405405405705e-02 8.033727964869563642e-02
5.505505505505505631e-02 8.181071802088461797e-02
5.605605605605605557e-02 8.328362703545141854e-02
5.705705705705705483e-02 8.475600616224333861e-02
5.805805805805806102e-02 8.622785487057667286e-02
5.905905905905906028e-02 8.769917262923609957e-02
6.006006006006005954e-02 8.916995890647431977e-02
6.106106106106105880e-02 9.064021317001166866e-02
6.206206206206206499e-02 9.210993488703514420e-02
6.306306306306305731e-02 9.357912352419833768e-02
6.406406406406406351e-02 9.504777854762069822e-02
6.506506506506506970e-02 9.651589942288668622e-02
6.606606606606606202e-02 9.798348561504585663e-02
6.706706706706706822e-02 9.945053658861205403e-02
6.806806806806807442e-02 1.009170518075624690e-01
6.906906906906906674e-02 1.023830307353379432e-01
7.007007007007007293e-02 1.038484728348413877e-01
7.107107107107106525e-02 1.053133775684384765e-01
7.207207207207207145e-02 1.067777443979557594e-01
7.307307307307307764e-02 1.082415727846813558e-01
7.407407407407406996e-02 1.097048621893635945e-01
7.507507507507507616e-02 1.111676120722107641e-01
7.607607607607608236e-02 1.126298218928905026e-01
7.707707707707707467e-02 1.140914911105295471e-01
7.807807807807808087e-02 1.155526191837125960e-01
7.907907907907907319e-02 1.170132055704824481e-01
8.008008008008007939e-02 1.184732497283388919e-01
8.108108108108108558e-02 1.199327511142386227e-01
8.208208208208207790e-02 1.213917091845941043e-01
8.308308308308308410e-02 1.228501233952739857e-01
8.408408408408409029e-02 1.243079932016012690e-01
8.508508508508508261e-02 1.257653180583540586e-01
8.608608608608608881e-02 1.272220974197639798e-01
8.708708708708708113e-02 1.286783307395165388e-01
8.808808808808808732e-02 1.301340174707495689e-01
8.908908908908909352e-02 1.315891570660535914e-01
9.009009009009008584e-02 1.330437489774706772e-01
9.109109109109109204e-02 1.344977926564944193e-01
9.209209209209209823e-02 1.359512875540687671e-01
9.309309309309309055e-02 1.374042331205879985e-01
9.409409409409409675e-02 1.388566288058956932e-01
9.509509509509508907e-02 1.403084740592847601e-01
9.609609609609609526e-02 1.417597683294964384e-01
9.709709709709710146e-02 1.432105110647198809e-01
9.809809809809809378e-02 1.446607017125914607e-01
9.909909909909909997e-02 1.461103397201946319e-01
1.001001001001001062e-01 1.475594245340589861e-01
1.011011011011010985e-01 1.490079556001597805e-01
1.021021021021021047e-01 1.504559323639173551e-01
1.031031031031030970e-01 1.519033542701967165e-01
1.041041041041041032e-01 1.533502207633069825e-01
1.051051051051051094e-01 1.547965312870006327e-01
1.061061061061061017e-01 1.562422852844730370e-01
1.071071071071071079e-01 1.576874821983619834e-01
1.081081081081081141e-01 1.591321214707470677e-01
1.091091091091091064e-01 1.605762025431492213e-01
1.101101101101101126e-01 1.620197248565296844e-01
1.111111111111111049e-01 1.634626878512903669e-01
1.121121121121121111e-01 1.649050909672724052e-01
1.131131131131131173e-01 1.663469336437558566e-01
1.141141141141141097e-01 1.677882153194593384e-01
1.151151151151151159e-01 1.692289354325395567e-01
1.161161161161161220e-01 1.706690934205901400e-01
1.171171171171171144e-01 1.721086887206416116e-01
1.181181181181181206e-01 1.735477207691610291e-01
1.191191191191191129e-01 1.749861890020503463e-01
1.201201201201201191e-01 1.764240928546473020e-01
1.211211211211211253e-01 1.778614317617236706e-01
1.221221221221221176e-01 1.792982051574853464e-01
1.231231231231231238e-01 1.807344124755715375e-01
1.241241241241241300e-01 1.821700531490540453e-01
1.251251251251251362e-01 1.836051266104372637e-01
1.261261261261261146e-01 1.850396322916569858e-01
1.271271271271271208e-01 1.864735696240800711e-01
1.281281281281281270e-01 1.879069380385041121e-01
1.291291291291291332e-01 1.893397369651564355e-01
1.301301301301301394e-01 1.907719658336938240e-01
1.311311311311311179e-01 1.922036240732016843e-01
1.321321321321321240e-01 1.936347111121939357e-01
1.331331331331331302e-01 1.950652263786121221e-01
1.341341341341341364e-01 1.964951692998246346e-01
1.351351351351351426e-01 1.979245393026264344e-01
1.361361361361361488e-01 1.993533358132387190e-01
1.371371371371371273e-01 2.007815582573075353e-01
1.381381381381381335e-01 2.022092060599042229e-01
1.391391391391391397e-01 2.036362786455240825e-01
1.401401401401401459e-01 2.050627754380859313e-01
1.411411411411411521e-01 2.064886958609318257e-01
1.421421421421421305e-01 2.079140393368262285e-01
1.431431431431431367e-01 2.093388052879556760e-01
1.441441441441441429e-01 2.107629931359276676e-01
1.451451451451451491e-01 2.121866023017707770e-01
1.461461461461461553e-01 2.136096322059334862e-01
1.471471471471471337e-01 2.150320822682839084e-01
1.481481481481481399e-01 2.164539519081094543e-01
1.491491491491491461e-01 2.178752405441155005e-01
1.501501501501501523e-01 2.192959475944254999e-01
1.511511511511511585e-01 2.207160724765801496e-01
1.521521521521521647e-01 2.221356146075367244e-01
1.531531531531531432e-01 2.235545734036686882e-01
1.541541541541541493e-01 2.249729482807650283e-01
1.551551551551551555e-01 2.263907386540293665e-01
1.561561561561561617e-01 2.278079439380800708e-01
1.571571571571571679e-01 2.292245635469488674e-01
1.581581581581581464e-01 2.306405968940807849e-01
1.591591591591591526e-01 2.320560433923334887e-01
1.601601601601601588e-01 2.334709024539765032e-01
1.611611611611611650e-01 2.348851734906907684e-01
1.621621621621621712e-01 2.362988559135682509e-01
1.631631631631631496e-01 2.377119491331105561e-01
1.641641641641641558e-01 2.391244525592295944e-01
1.651651651651651620e-01 2.405363656012458051e-01
1.661661661661661682e-01 2.419476876678883781e-01
1.671671671671671744e-01 2.433584181672939772e-01
1.681681681681681806e-01 2.447685565070068514e-01
1.691691691691691590e-01 2.461781020939776687e-01
1.701701701701701652e-01 2.475870543345635166e-01
1.711711711711711714e-01 2.489954126345265695e-01
1.721721721721721776e-01 2.504031763990338666e-01
1.731731731731731838e-01 2.518103450326571457e-01
1.741741741741741623e-01 2.532169179393712333e-01
1.751751751751751685e-01 2.546228945225544882e-01
1.761761761761761746e-01 2.560282741849876920e-01
1.771771771771771808e-01 2.574330563288532714e-01
1.781781781781781870e-01 2.588372403557351320e-01
1.791791791791791655e-01 2.602408256666177144e-01
1.801801801801801717e-01 2.616438116618858833e-01
1.811811811811811779e-01 2.630461977413235952e-01
1.821821821821821841e-01 2.644479833041137873e-01
1.831831831831831903e-01 2.658491677488378779e-01
1.841841841841841965e-01 2.672497504734747675e-01
1.851851851851851749e-01 2.686497308754004498e-01
1.861861861861861811e-01 2.700491083513874568e-01
1.871871871871871873e-01 2.714478822976040817e-01
1.881881881881881935e-01 2.728460521096140456e-01
1.891891891891891997e-01 2.742436171823756652e-01
1.901901901901901781e-01 2.756405769102410197e-01
1.911911911911911843e-01 2.770369306869561732e-01
1.921921921921921905e-01 2.784326779056596202e-01
1.931931931931931967e-01 2.798278179588821746e-01
1.941941941941942029e-01 2.812223502385463592e-01
1.951951951951951814e-01 2.826162741359654618e-01
1.961961961961961876e-01 2.840095890418436464e-01
1.971971971971971938e-01 2.854022943462742878e-01
1.981981981981981999e-01 2.867943894387403048e-01
1.991991991991992061e-01 2.881858737081131050e-01
2.002002002002002123e-01 2.895767465426520304e-01
2.012012012012011908e-01 2.909670073300037463e-01
2.022022022022021970e-01 2.923566554572016862e-01
2.032032032032032032e-01 2.937456903106654971e-01
2.042042042042042094e-01 2.951341112761999286e-01
2.052052052052052156e-01 2.965219177389951111e-01
2.062062062062061940e-01 2.979091090836251676e-01
2.072072072072072002e-01 2.992956846940478810e-01
2.082082082082082064e-01 3.006816439536041385e-01
2.092092092092092126e-01 3.020669862450171550e-01
2.102102102102102188e-01 3.034517109503920840e-01
2.112112112112112250e-01 3.048358174512151297e-01
2.122122122122122034e-01 3.062193051283530476e-01
2.132132132132132096e-01 3.076021733620526999e-01
2.142142142142142158e-01 3.089844215319400567e-01
2.152152152152152220e-01 3.103660490170197517e-01
2.162162162162162282e-01 3.117470551956748048e-01
2.172172172172172067e-01 3.131274394456653454e-01
2.182182182182182129e-01 3.145072011441285009e-01
2.192192192192192191e-01 3.158863396675776203e-01
2.202202202202202252e-01 3.172648543919016073e-01
2.212212212212212314e-01 3.186427446923640883e-01
2.222222222222222099e-01 3.200200099436033563e-01
2.232232232232232161e-01 3.213966495196312612e-01
2.242242242242242223e-01 3.227726627938326542e-01
2.252252252252252285e-01 3.241480491389650553e-01
2.262262262262262347e-01 3.255228079271573760e-01
2.272272272272272409e-01 3.268969385299102526e-01
2.282282282282282193e-01 3.282704403180944364e-01
2.292292292292292255e-01 3.296433126619507936e-01
2.302302302302302317e-01 3.310155549310895284e-01
2.312312312312312379e-01 3.323871664944892945e-01
2.322322322322322441e-01 3.337581467204971397e-01
2.332332332332332225e-01 3.351284949768271182e-01
2.342342342342342287e-01 3.364982106305604015e-01
2.352352352352352349e-01 3.378672930481439463e-01
2.362362362362362411e-01 3.392357415953904942e-01
2.372372372372372473e-01 3.406035556374774065e-01
2.382382382382382258e-01 3.419707345389464970e-01
2.392392392392392320e-01 3.433372776637030332e-01
2.402402402402402382e-01 3.447031843750151814e-01
2.412412412412412444e-01 3.460684540355136729e-01
2.422422422422422505e-01 3.474330860071905280e-01
2.432432432432432567e-01 3.487970796513991667e-01
2.442442442442442352e-01 3.501604343288531318e-01
2.452452452452452414e-01 3.515231493996258672e-01
2.462462462462462476e-01 3.528852242231499403e-01
2.472472472472472538e-01 3.542466581582162655e-01
2.482482482482482600e-01 3.556074505629738258e-01
2.492492492492492384e-01 3.569676007949283969e-01
2.502502502502502724e-01 3.583271082109426020e-01
2.512512512512512508e-01 3.596859721672349686e-01
2.522522522522522292e-01 3.610441920193790954e-01
2.532532532532532632e-01 3.624017671223034309e-01
2.542542542542542416e-01 3.637586968302900514e-01
2.552552552552552756e-01 3.651149804969745505e-01
2.562562562562562540e-01 3.664706174753452617e-01
2.572572572572572325e-01 3.678256071177422593e-01
2.582582582582582664e-01 3.691799487758574694e-01
2.592592592592592449e-01 3.705336418007328936e-01
2.602602602602602788e-01 3.718866855427611640e-01
2.612612612612612573e-01 3.732390793516839889e-01
2.622622622622622357e-01 3.745908225765919308e-01
2.632632632632632697e-01 3.759419145659238515e-01
2.642642642642642481e-01 3.772923546674656903e-01
2.652652652652652820e-01 3.786421422283506866e-01
2.662662662662662605e-01 3.799912765950576032e-01
2.672672672672672944e-01 3.813397571134112818e-01
2.682682682682682729e-01 3.826875831285811991e-01
2.692692692692692513e-01 3.840347539850808012e-01
2.702702702702702853e-01 3.853812690267675034e-01
2.712712712712712637e-01 3.867271275968411359e-01
2.722722722722722977e-01 3.880723290378441659e-01
2.732732732732732761e-01 3.894168726916602541e-01
2.742742742742742545e-01 3.907607578995140329e-01
2.752752752752752885e-01 3.921039840019706624e-01
2.762762762762762669e-01 3.934465503389344976e-01
2.772772772772773009e-01 3.947884562496490890e-01
2.782782782782782793e-01 3.961297010726958501e-01
2.792792792792792578e-01 3.974702841459943903e-01
2.802802802802802917e-01 3.988102048068007388e-01
2.812812812812812702e-01 4.001494623917073445e-01
2.822822822822823041e-01 4.014880562366421879e-01
2.832832832832832826e-01 4.028259856768683367e-01
2.842842842842842610e-01 4.041632500469830580e-01
2.852852852852852950e-01 4.054998486809172631e-01
2.862862862862862734e-01 4.068357809119343971e-01
2.872872872872873073e-01 4.081710460726308831e-01
2.882882882882882858e-01 4.095056434949341240e-01
2.892892892892892642e-01 4.108395725101027240e-01
2.902902902902902982e-01 4.121728324487254902e-01
2.912912912912912766e-01 4.135054226407207656e-01
2.922922922922923106e-01 4.148373424153358746e-01
2.932932932932932890e-01 4.161685911011464567e-01
2.942942942942942675e-01 4.174991680260553562e-01
2.952952952952953014e-01 4.188290725172929552e-01
2.962962962962962798e-01 4.201583039014151755e-01
2.972972972972973138e-01 4.214868615043039224e-01
2.982982982982982922e-01 4.228147446511656415e-01
2.992992992992993262e-01 4.241419526665314299e-01
3.003003003003003046e-01 4.254684848742553704e-01
3.013013013013012831e-01 4.267943405975148652e-01
3.023023023023023170e-01 4.281195191588091919e-01
3.033033033033032955e-01 4.294440198799590602e-01
3.043043043043043294e-01 4.307678420821061671e-01
3.053053053053053079e-01 4.320909850857123091e-01
3.063063063063062863e-01 4.334134482105584940e-01
3.073073073073073203e-01 4.347352307757450518e-01
3.083083083083082987e-01 4.360563320996895254e-01
3.093093093093093326e-01 4.373767515001276696e-01
3.103103103103103111e-01 4.386964882941115640e-01
3.113113113113112895e-01 4.400155417980091688e-01
3.123123123123123235e-01 4.413339113275042136e-01
3.133133133133133019e-01 4.426515961975947544e-01
3.143143143143143359e-01 4.439685957225929513e-01
3.153153153153153143e-01 4.452849092161240696e-01
3.163163163163162928e-01 4.466005359911262573e-01
3.173173173173173267e-01 4.479154753598493244e-01
3.183183183183183051e-01 4.492297266338545203e-01
3.193193193193193391e-01 4.505432891240133131e-01
3.203203203203203175e-01 4.518561621405073891e-01
3.213213213213212960e-01 4.531683449928270990e-01
3.223223223223223299e-01 4.544798369897719015e-01
3.233233233233233084e-01 4.557906374394482540e-01
3.243243243243243423e-01 4.571007456492703902e-01
3.253253253253253208e-01 4.584101609259583210e-01
3.263263263263262992e-01 4.597188825755381680e-01
3.273273273273273332e-01 4.610269099033409423e-01
3.283283283283283116e-01 4.623342422140016561e-01
3.293293293293293456e-01 4.636408788114593227e-01
3.303303303303303240e-01 4.649468189989556244e-01
3.313313313313313579e-01 4.662520620790343573e-01
3.323323323323323364e-01 4.675566073535410982e-01
3.333333333333333148e-01 4.688604541236218726e-01
3.343343343343343488e-01 4.701636016897231540e-01
3.353353353353353272e-01 4.714660493515905326e-01
3.363363363363363612e-01 4.727677964082684925e-01
3.373373373373373396e-01 4.740688421580993017e-01
3.383383383383383181e-01 4.753691858987226793e-01
3.393393393393393520e-01 4.766688269270750178e-01
3.403403403403403304e-01 4.779677645393881624e-01
3.413413413413413644e-01 4.792659980311897439e-01
3.423423423423423428e-01 4.805635266973012909e-01
3.433433433433433213e-01 4.818603498318383416e-01
3.443443443443443552e-01 4.831564667282097769e-01
3.453453453453453337e-01 4.844518766791161557e-01
3.463463463463463676e-01 4.857465789765504915e-01
3.473473473473473461e-01 4.870405729117959215e-01
3.483483483483483245e-01 4.883338577754262610e-01
3.493493493493493585e-01 4.896264328573050051e-01
3.503503503503503369e-01 4.909182974465837734e-01
3.513513513513513709e-01 4.922094508317030881e-01
3.523523523523523493e-01 4.934998923003901528e-01
3.533533533533533277e-01 4.947896211396591859e-01
3.543543543543543617e-01 4.960786366358105326e-01
3.553553553553553401e-01 4.973669380744291102e-01
3.563563563563563741e-01 4.986545247403849634e-01
3.573573573573573525e-01 4.999413959178317102e-01
3.583583583583583310e-01 5.012275508902059862e-01
3.593593593593593649e-01 5.025129889402268901e-01
3.603603603603603434e-01 5.037977093498952064e-01
3.613613613613613773e-01 5.050817114004925168e-01
3.623623623623623557e-01 5.063649943725806457e-01
3.633633633633633897e-01 5.076475575460008827e-01
3.643643643643643681e-01 5.089294001998733163e-01
3.653653653653653466e-01 5.102105216125960574e-01
3.663663663663663805e-01 5.114909210618445723e-01
3.673673673673673590e-01 5.127705978245706842e-01
3.683683683683683929e-01 5.140495511770025727e-01
3.693693693693693714e-01 5.153277803946431090e-01
3.703703703703703498e-01 5.166052847522696334e-01
3.713713713713713838e-01 5.178820635239335113e-01
3.723723723723723622e-01 5.191581159829584680e-01
3.733733733733733962e-01 5.204334414019412547e-01
3.743743743743743746e-01 5.217080390527493172e-01
3.753753753753753530e-01 5.229819082065214619e-01
3.763763763763763870e-01 5.242550481336663015e-01
3.773773773773773654e-01 5.255274581038615889e-01
3.783783783783783994e-01 5.267991373860542170e-01
3.793793793793793778e-01 5.280700852484582208e-01
3.803803803803803563e-01 5.293403009585553320e-01
3.813813813813813902e-01 5.306097837830933139e-01
3.823823823823823687e-01 5.318785329880856283e-01
3.833833833833834026e-01 5.331465478388109913e-01
3.843843843843843811e-01 5.344138275998115972e-01
3.853853853853853595e-01 5.356803715348937844e-01
3.863863863863863934e-01 5.369461789071262592e-01
3.873873873873873719e-01 5.382112489788395404e-01
3.883883883883884058e-01 5.394755810116258488e-01
3.893893893893893843e-01 5.407391742663374412e-01
3.903903903903903627e-01 5.420020280030865001e-01
3.913913913913913967e-01 5.432641414812441338e-01
3.923923923923923751e-01 5.445255139594397109e-01
3.933933933933934091e-01 5.457861446955604157e-01
3.943943943943943875e-01 5.470460329467496940e-01
3.953953953953954215e-01 5.483051779694073646e-01
3.963963963963963999e-01 5.495635790191883974e-01
3.973973973973973783e-01 5.508212353510023584e-01
3.983983983983984123e-01 5.520781462190127442e-01
3.993993993993993907e-01 5.533343108766356488e-01
4.004004004004004247e-01 5.545897285765399864e-01
4.014014014014014031e-01 5.558443985706459367e-01
4.024024024024023816e-01 5.570983201101243898e-01
4.034034034034034155e-01 5.583514924453966133e-01
4.044044044044043940e-01 5.596039148261326979e-01
4.054054054054054279e-01 5.608555865012518904e-01
4.064064064064064064e-01 5.621065067189205955e-01
4.074074074074073848e-01 5.633566747265527086e-01
4.084084084084084187e-01 5.646060897708081727e-01
4.094094094094093972e-01 5.658547510975925343e-01
4.104104104104104311e-01 5.671026579520562771e-01
4.114114114114114096e-01 5.683498095785933790e-01
4.124124124124123880e-01 5.695962052208417559e-01
4.134134134134134220e-01 5.708418441216814854e-01
4.144144144144144004e-01 5.720867255232341408e-01
4.154154154154154344e-01 5.733308486668627912e-01
4.164164164164164128e-01 5.745742127931703358e-01
4.174174174174173912e-01 5.758168171419993930e-01
4.184184184184184252e-01 5.770586609524311905e-01
4.194194194194194036e-01 5.782997434627846767e-01
4.204204204204204376e-01 5.795400639106164098e-01
4.214214214214214160e-01 5.807796215327190037e-01
4.224224224224224500e-01 5.820184155651207947e-01
4.234234234234234284e-01 5.832564452430850643e-01
4.244244244244244069e-01 5.844937098011092624e-01
4.254254254254254408e-01 5.857302084729241187e-01
4.264264264264264193e-01 5.869659404914927547e-01
4.274274274274274532e-01 5.882009050890104618e-01
4.284284284284284317e-01 5.894351014969032576e-01
4.294294294294294101e-01 5.906685289458276644e-01
4.304304304304304440e-01 5.919011866656695986e-01
4.314314314314314225e-01 5.931330738855437046e-01
4.324324324324324564e-01 5.943641898337925777e-01
4.334334334334334349e-01 5.955945337379859872e-01
4.344344344344344133e-01 5.968241048249202096e-01
4.354354354354354473e-01 5.980529023206170303e-01
4.364364364364364257e-01 5.992809254503230765e-01
4.374374374374374597e-01 6.005081734385092629e-01
4.384384384384384381e-01 6.017346455088696811e-01
4.394394394394394165e-01 6.029603408843207113e-01
4.404404404404404505e-01 6.041852587870011337e-01
4.414414414414414289e-01 6.054093984382697968e-01
4.424424424424424629e-01 6.066327590587066165e-01
4.434434434434434413e-01 6.078553398681103559e-01
4.444444444444444198e-01 6.090771400854985140e-01
4.454454454454454537e-01 6.102981589291066600e-01
4.464464464464464322e-01 6.115183956163871004e-01
4.474474474474474661e-01 6.127378493640086576e-01
4.484484484484484446e-01 6.139565193878555593e-01
4.494494494494494230e-01 6.151744049030266615e-01
4.504504504504504570e-01 6.163915051238350040e-01
4.514514514514514354e-01 6.176078192638063680e-01
4.524524524524524693e-01 6.188233465356792751e-01
4.534534534534534478e-01 6.200380861514035447e-01
4.544544544544544817e-01 6.212520373221397385e-01
4.554554554554554602e-01 6.224651992582586058e-01
4.564564564564564386e-01 6.236775711693399726e-01
4.574574574574574726e-01 6.248891522641719654e-01
4.584584584584584510e-01 6.260999417507504550e-01
4.594594594594594850e-01 6.273099388362781692e-01
4.604604604604604634e-01 6.285191427271634712e-01
4.614614614614614418e-01 6.297275526290202485e-01
4.624624624624624758e-01 6.309351677466670250e-01
4.634634634634634542e-01 6.321419872841255172e-01
4.644644644644644882e-01 6.333480104446204129e-01
4.654654654654654666e-01 6.345532364305784823e-01
4.664664664664664451e-01 6.357576644436276903e-01
4.674674674674674790e-01 6.369612936845965301e-01
4.684684684684684575e-01 6.381641233535129132e-01
4.694694694694694914e-01 6.393661526496038361e-01
4.704704704704704699e-01 6.405673807712939372e-01
4.714714714714714483e-01 6.417678069162054966e-01
4.724724724724724823e-01 6.429674302811569930e-01
4.734734734734734607e-01 6.441662500621625487e-01
4.744744744744744946e-01 6.453642654544311519e-01
4.754754754754754731e-01 6.465614756523656581e-01
4.764764764764764515e-01 6.477578798495622348e-01
4.774774774774774855e-01 6.489534772388093620e-01
4.784784784784784639e-01 6.501482670120871665e-01
4.794794794794794979e-01 6.513422483605664226e-01
4.804804804804804763e-01 6.525354204746081077e-01
4.814814814814814548e-01 6.537277825437619594e-01
4.824824824824824887e-01 6.549193337567664752e-01
4.834834834834834671e-01 6.561100733015472475e-01
4.844844844844845011e-01 6.573000003652170742e-01
4.854854854854854795e-01 6.584891141340740717e-01
4.864864864864865135e-01 6.596774137936018967e-01
4.874874874874874919e-01 6.608648985284681920e-01
4.884884884884884704e-01 6.620515675225241425e-01
4.894894894894895043e-01 6.632374199588036978e-01
4.904904904904904828e-01 6.644224550195223511e-01
4.914914914914915167e-01 6.656066718860766951e-01
4.924924924924924952e-01 6.667900697390435338e-01
4.934934934934934736e-01 6.679726477581788835e-01
4.944944944944945076e-01 6.691544051224176393e-01
4.954954954954954860e-01 6.703353410098719101e-01
4.964964964964965199e-01 6.715154545978310185e-01
4.974974974974974984e-01 6.726947450627601688e-01
4.984984984984984768e-01 6.738732115802998912e-01
4.994994994994995108e-01 6.750508533252650434e-01
5.005005005005005447e-01 6.762276694716442549e-01
5.015015015015015232e-01 6.774036591925985951e-01
5.025025025025025016e-01 6.785788216604612400e-01
5.035035035035034801e-01 6.797531560467363621e-01
5.045045045045044585e-01 6.809266615220985752e-01
5.055055055055055480e-01 6.820993372563919355e-01
5.065065065065065264e-01 6.832711824186286087e-01
5.075075075075075048e-01 6.844421961769890927e-01
5.085085085085084833e-01 6.856123776988205520e-01
5.095095095095094617e-01 6.867817261506363735e-01
5.105105105105105512e-01 6.879502406981150564e-01
5.115115115115115296e-01 6.891179205060995461e-01
5.125125125125125081e-01 6.902847647385964569e-01
5.135135135135134865e-01 6.914507725587751841e-01
5.145145145145144649e-01 6.926159431289670154e-01
5.155155155155155544e-01 6.937802756106642432e-01
5.165165165165165329e-01 6.949437691645192761e-01
5.175175175175175113e-01 6.961064229503441947e-01
5.185185185185184897e-01 6.972682361271094198e-01
5.195195195195194682e-01 6.984292078529432679e-01
5.205205205205205576e-01 6.995893372851308412e-01
5.215215215215215361e-01 7.007486235801129171e-01
5.225225225225225145e-01 7.019070658934860596e-01
5.235235235235234930e-01 7.030646633800007317e-01
5.245245245245244714e-01 7.042214151935609623e-01
5.255255255255255609e-01 7.053773204872237912e-01
5.265265265265265393e-01 7.065323784131971596e-01
5.275275275275275177e-01 7.076865881228407984e-01
5.285285285285284962e-01 7.088399487666642296e-01
5.295295295295294746e-01 7.099924594943261003e-01
5.305305305305305641e-01 7.111441194546337385e-01
5.315315315315315425e-01 7.122949277955413772e-01
5.325325325325325210e-01 7.134448836641507086e-01
5.335335335335334994e-01 7.145939862067086645e-01
5.345345345345345889e-01 7.157422345686076381e-01
5.355355355355355673e-01 7.168896278943834854e-01
5.365365365365365458e-01 7.180361653277158585e-01
5.375375375375375242e-01 7.191818460114265399e-01
5.385385385385385026e-01 7.203266690874789990e-01
5.395395395395395921e-01 7.214706336969775036e-01
5.405405405405405705e-01 7.226137389801655653e-01
5.415415415415415490e-01 7.237559840764260510e-01
5.425425425425425274e-01 7.248973681242801836e-01
5.435435435435435059e-01 7.260378902613857655e-01
5.445445445445445953e-01 7.271775496245377335e-01
5.455455455455455738e-01 7.283163453496657169e-01
5.465465465465465522e-01 7.294542765718344812e-01
5.475475475475475307e-01 7.305913424252424848e-01
5.485485485485485091e-01 7.317275420432209909e-01
5.495495495495495986e-01 7.328628745582335124e-01
5.505505505505505770e-01 7.339973391018742577e-01
5.515515515515515554e-01 7.351309348048681303e-01
5.525525525525525339e-01 7.362636607970692859e-01
5.535535535535535123e-01 7.373955162074606884e-01
5.545545545545546018e-01 7.385265001641526661e-01
5.555555555555555802e-01 7.396566117943822460e-01
5.565565565565565587e-01 7.407858502245128207e-01
5.575575575575575371e-01 7.419142145800324828e-01
5.585585585585585155e-01 7.430417039855535810e-01
5.595595595595596050e-01 7.441683175648120541e-01
5.605605605605605835e-01 7.452940544406657652e-01
5.615615615615615619e-01 7.464189137350942804e-01
5.625625625625625403e-01 7.475428945691980909e-01
5.635635635635635188e-01 7.486659960631971700e-01
5.645645645645646082e-01 7.497882173364306402e-01
5.655655655655655867e-01 7.509095575073552187e-01
5.665665665665665651e-01 7.520300156935452174e-01
5.675675675675675436e-01 7.531495910116909887e-01
5.685685685685685220e-01 7.542682825775982591e-01
5.695695695695696115e-01 7.553860895061873526e-01
5.705705705705705899e-01 7.565030109114918577e-01
5.715715715715715683e-01 7.576190459066584060e-01
5.725725725725725468e-01 7.587341936039453394e-01
5.735735735735735252e-01 7.598484531147219334e-01
5.745745745745746147e-01 7.609618235494673977e-01
5.755755755755755931e-01 7.620743040177702099e-01
5.765765765765765716e-01 7.631858936283268946e-01
5.775775775775775500e-01 7.642965914889416901e-01
5.785785785785785285e-01 7.654063967065249940e-01
5.795795795795796179e-01 7.665153083870930306e-01
5.805805805805805964e-01 7.676233256357661849e-01
5.815815815815815748e-01 7.687304475567692252e-01
5.825825825825825532e-01 7.698366732534296375e-01
5.835835835835835317e-01 7.709420018281765152e-01
5.845845845845846211e-01 7.720464323825406705e-01
5.855855855855855996e-01 7.731499640171524135e-01
5.865865865865865780e-01 7.742525958317417745e-01
5.875875875875875565e-01 7.753543269251370607e-01
5.885885885885885349e-01 7.764551563952640789e-01
5.895895895895896244e-01 7.775550833391452477e-01
5.905905905905906028e-01 7.786541068528983756e-01
5.915915915915915813e-01 7.797522260317363285e-01
5.925925925925925597e-01 7.808494399699656974e-01
5.935935935935935381e-01 7.819457477609860208e-01
5.945945945945946276e-01 7.830411484972891190e-01
5.955955955955956060e-01 7.841356412704574286e-01
5.965965965965965845e-01 7.852292251711640025e-01
5.975975975975975629e-01 7.863218992891710668e-01
5.985985985985986524e-01 7.874136627133295763e-01
5.995995995995996308e-01 7.885045145315772164e-01
6.006006006006006093e-01 7.895944538309389582e-01
6.016016016016015877e-01 7.906834796975249491e-01
6.026026026026025662e-01 7.917715912165306236e-01
6.036036036036036556e-01 7.928587874722347051e-01
6.046046046046046341e-01 7.939450675479988728e-01
6.056056056056056125e-01 7.950304305262670956e-01
6.066066066066065909e-01 7.961148754885641887e-01
6.076076076076075694e-01 7.971984015154951475e-01
6.086086086086086588e-01 7.982810076867444815e-01
6.096096096096096373e-01 7.993626930810742159e-01
6.106106106106106157e-01 8.004434567763246688e-01
6.116116116116115942e-01 8.015232978494120086e-01
6.126126126126125726e-01 8.026022153763282541e-01
6.136136136136136621e-01 8.036802084321400530e-01
6.146146146146146405e-01 8.047572760909872391e-01
6.156156156156156189e-01 8.058334174260828320e-01
6.166166166166165974e-01 8.069086315097118156e-01
6.176176176176175758e-01 8.079829174132295844e-01
6.186186186186186653e-01 8.090562742070619429e-01
6.196196196196196437e-01 8.101287009607033296e-01
6.206206206206206222e-01 8.112001967427165949e-01
6.216216216216216006e-01 8.122707606207316688e-01
6.226226226226225791e-01 8.133403916614445617e-01
6.236236236236236685e-01 8.144090889306168091e-01
6.246246246246246470e-01 8.154768514930740286e-01
6.256256256256256254e-01 8.165436784127055869e-01
6.266266266266266038e-01 8.176095687524630451e-01
6.276276276276275823e-01 8.186745215743597148e-01
6.286286286286286717e-01 8.197385359394694371e-01
6.296296296296296502e-01 8.208016109079254718e-01
6.306306306306306286e-01 8.218637455389203872e-01
6.316316316316316071e-01 8.229249388907038387e-01
6.326326326326325855e-01 8.239851900205829027e-01
6.336336336336336750e-01 8.250444979849202998e-01
6.346346346346346534e-01 8.261028618391333955e-01
6.356356356356356319e-01 8.271602806376942008e-01
6.366366366366366103e-01 8.282167534341271509e-01
6.376376376376375887e-01 8.292722792810093280e-01
6.386386386386386782e-01 8.303268572299685735e-01
6.396396396396396566e-01 8.313804863316830440e-01
6.406406406406406351e-01 8.324331656358801013e-01
6.416416416416416135e-01 8.334848941913356457e-01
6.426426426426425920e-01 8.345356710458725624e-01
6.436436436436436814e-01 8.355854952463604990e-01
6.446446446446446599e-01 8.366343658387142002e-01
6.456456456456456383e-01 8.376822818678931748e-01
6.466466466466466168e-01 8.387292423779001416e-01
6.476476476476475952e-01 8.397752464117808069e-01
6.486486486486486847e-01 8.408202930116223106e-01
6.496496496496496631e-01 8.418643812185520048e-01
6.506506506506506415e-01 8.429075100727376757e-01
6.516516516516516200e-01 8.439496786133852124e-01
6.526526526526525984e-01 8.449908858787386068e-01
6.536536536536536879e-01 8.460311309060788432e-01
6.546546546546546663e-01 8.470704127317220111e-01
6.556556556556556448e-01 8.481087303910197495e-01
6.566566566566566232e-01 8.491460829183573589e-01
6.576576576576577127e-01 8.501824693471532468e-01
6.586586586586586911e-01 8.512178887098572622e-01
6.596596596596596696e-01 8.522523400379509173e-01
6.606606606606606480e-01 8.532858223619452787e-01
6.616616616616616264e-01 8.543183347113806336e-01
6.626626626626627159e-01 8.553498761148256024e-01
6.636636636636636943e-01 8.563804455998754728e-01
6.646646646646646728e-01 8.574100421931517557e-01
6.656656656656656512e-01 8.584386649203014086e-01
6.666666666666666297e-01 8.594663128059953916e-01
6.676676676676677191e-01 8.604929848739278908e-01
6.686686686686686976e-01 8.615186801468150968e-01
6.696696696696696760e-01 8.625433976463948715e-01
6.706706706706706544e-01 8.635671363934249722e-01
6.716716716716716329e-01 8.645898954076826071e-01
6.726726726726727223e-01 8.656116737079635470e-01
6.736736736736737008e-01 8.666324703120803497e-01
6.746746746746746792e-01 8.676522842368621369e-01
6.756756756756756577e-01 8.686711144981535959e-01
6.766766766766766361e-01 8.696889601108134249e-01
6.776776776776777256e-01 8.707058200887142219e-01
6.786786786786787040e-01 8.717216934447401533e-01
6.796796796796796825e-01 8.727365791907876202e-01
6.806806806806806609e-01 8.737504763377630379e-01
6.816816816816816393e-01 8.747633838955821695e-01
6.826826826826827288e-01 8.757753008731695710e-01
6.836836836836837072e-01 8.767862262784565930e-01
6.846846846846846857e-01 8.777961591183817136e-01
6.856856856856856641e-01 8.788050983988885401e-01
6.866866866866866426e-01 8.798130431249251426e-01
6.876876876876877320e-01 8.808199923004431664e-01
6.886886886886887105e-01 8.818259449283962770e-01
6.896896896896896889e-01 8.828309000107402715e-01
6.906906906906906674e-01 8.838348565484308583e-01
6.916916916916916458e-01 8.848378135414234347e-01
6.926926926926927353e-01 8.858397699886719767e-01
6.936936936936937137e-01 8.868407248881275962e-01
6.946946946946946921e-01 8.878406772367377631e-01
6.956956956956956706e-01 8.888396260304460839e-01
6.966966966966966490e-01 8.898375702641900808e-01
6.976976976976977385e-01 8.908345089319007482e-01
6.986986986986987169e-01 8.918304410265009974e-01
6.996996996996996954e-01 8.928253655399063238e-01
7.007007007007006738e-01 8.938192814630219196e-01
7.017017017017016522e-01 8.948121877857420081e-01
7.027027027027027417e-01 8.958040834969500654e-01
7.037037037037037202e-01 8.967949675845161561e-01
7.047047047047046986e-01 8.977848390352969332e-01
7.057057057057056770e-01 8.987736968351347500e-01
7.067067067067066555e-01 8.997615399688558835e-01
7.077077077077077449e-01 9.007483674202700907e-01
7.087087087087087234e-01 9.017341781721690541e-01
7.097097097097097018e-01 9.027189712063263816e-01
7.107107107107106803e-01 9.037027455034951640e-01
7.117117117117116587e-01 9.046855000434084193e-01
7.127127127127127482e-01 9.056672338047770943e-01
7.137137137137137266e-01 9.066479457652889540e-01
7.147147147147147050e-01 9.076276349016081380e-01
7.157157157157156835e-01 9.086063001893744939e-01
7.167167167167166619e-01 9.095839406032009133e-01
7.177177177177177514e-01 9.105605551166744416e-01
7.187187187187187298e-01 9.115361427023533913e-01
7.197197197197197083e-01 9.125107023317673427e-01
7.207207207207206867e-01 9.134842329754158108e-01
7.217217217217217762e-01 9.144567336027675797e-01
7.227227227227227546e-01 9.154282031822589261e-01
7.237237237237237331e-01 9.163986406812929530e-01
7.247247247247247115e-01 9.173680450662391461e-01
7.257257257257256899e-01 9.183364153024313747e-01
7.267267267267267794e-01 9.193037503541676703e-01
7.277277277277277578e-01 9.202700491847080055e-01
7.287287287287287363e-01 9.212353107562751831e-01
7.297297297297297147e-01 9.221995340300517263e-01
7.307307307307306932e-01 9.231627179661803240e-01
7.317317317317317826e-01 9.241248615237620534e-01
7.327327327327327611e-01 9.250859636608554926e-01
7.337337337337337395e-01 9.260460233344758318e-01
7.347347347347347180e-01 9.270050395005933197e-01
7.357357357357356964e-01 9.279630111141334847e-01
7.367367367367367859e-01 9.289199371289742491e-01
7.377377377377377643e-01 9.298758164979463725e-01
7.387387387387387427e-01 9.308306481728316761e-01
7.397397397397397212e-01 9.317844311043623762e-01
7.407407407407406996e-01 9.327371642422195297e-01
7.417417417417417891e-01 9.336888465350328126e-01
7.427427427427427675e-01 9.346394769303785210e-01
7.437437437437437460e-01 9.355890543747786836e-01
7.447447447447447244e-01 9.365375778137010609e-01
7.457457457457457028e-01 9.374850461915569255e-01
7.467467467467467923e-01 9.384314584517001734e-01
7.477477477477477708e-01 9.393768135364264360e-01
7.487487487487487492e-01 9.403211103869724141e-01
7.497497497497497276e-01 9.412643479435145455e-01
7.507507507507507061e-01 9.422065251451670065e-01
7.517517517517517955e-01 9.431476409299826003e-01
7.527527527527527740e-01 9.440876942349498702e-01
7.537537537537537524e-01 9.450266839959928777e-01
7.547547547547547309e-01 9.459646091479700925e-01
7.557557557557557093e-01 9.469014686246735035e-01
7.567567567567567988e-01 9.478372613588266216e-01
7.577577577577577772e-01 9.487719862820844785e-01
7.587587587587587556e-01 9.497056423250325174e-01
7.597597597597597341e-01 9.506382284171843722e-01
7.607607607607607125e-01 9.515697434869823113e-01
7.617617617617618020e-01 9.525001864617950176e-01
7.627627627627627804e-01 9.534295562679169223e-01
7.637637637637637589e-01 9.543578518305673164e-01
7.647647647647647373e-01 9.552850720738892409e-01
7.657657657657657158e-01 9.562112159209477102e-01
7.667667667667668052e-01 9.571362822937299342e-01
7.677677677677677837e-01 9.580602701131426535e-01
7.687687687687687621e-01 9.589831782990123621e-01
7.697697697697697405e-01 9.599050057700841965e-01
7.707707707707707190e-01 9.608257514440194935e-01
7.717717717717718084e-01 9.617454142373962345e-01
7.727727727727727869e-01 9.626639930657072686e-01
7.737737737737737653e-01 9.635814868433589808e-01
7.747747747747747438e-01 9.644978944836710699e-01
7.757757757757757222e-01 9.654132148988743278e-01
7.767767767767768117e-01 9.663274470001108618e-01
7.777777777777777901e-01 9.672405896974314299e-01
7.787787787787787686e-01 9.681526418997958849e-01
7.797797797797797470e-01 9.690636025150711763e-01
7.807807807807807254e-01 9.699734704500304616e-01
7.817817817817818149e-01 9.708822446103519965e-01
7.827827827827827933e-01 9.717899239006180245e-01
7.837837837837837718e-01 9.726965072243138888e-01
7.847847847847847502e-01 9.736019934838264778e-01
7.857857857857858397e-01 9.745063815804442253e-01
7.867867867867868181e-01 9.754096704143540020e-01
7.877877877877877966e-01 9.763118588846420032e-01
7.887887887887887750e-01 9.772129458892917508e-01
7.897897897897897534e-01 9.781129303251829832e-01
7.907907907907908429e-01 9.790118110880909885e-01
7.917917917917918214e-01 9.799095870726841628e-01
7.927927927927927998e-01 9.808062571725253420e-01
7.937937937937937782e-01 9.817018202800680271e-01
7.947947947947947567e-01 9.825962752866572725e-01
7.957957957957958461e-01 9.834896210825279095e-01
7.967967967967968246e-01 9.843818565568023260e-01
7.977977977977978030e-01 9.852729805974913546e-01
7.987987987987987815e-01 9.861629920914918301e-01
7.997997997997997599e-01 9.870518899245859235e-01
8.008008008008008494e-01 9.879396729814398093e-01
8.018018018018018278e-01 9.888263401456023338e-01
8.028028028028028062e-01 9.897118902995050149e-01
8.038038038038037847e-01 9.905963223244593774e-01
8.048048048048047631e-01 9.914796351006569530e-01
8.058058058058058526e-01 9.923618275071677264e-01
8.068068068068068310e-01 9.932428984219388024e-01
8.078078078078078095e-01 9.941228467217939624e-01
8.088088088088087879e-01 9.950016712824318876e-01
8.098098098098097664e-01 9.958793709784252712e-01
8.108108108108108558e-01 9.967559446832199299e-01
8.118118118118118343e-01 9.976313912691330277e-01
8.128128128128128127e-01 9.985057096073524097e-01
8.138138138138137911e-01 9.993788985679359360e-01
8.148148148148147696e-01 1.000250957019809261e+00
8.158158158158158590e-01 1.001121883830765613e+00
8.168168168168168375e-01 1.001991677867463792e+00
8.178178178178178159e-01 1.002860337995428397e+00
8.188188188188187944e-01 1.003727863079046934e+00
8.198198198198197728e-01 1.004594251981570263e+00
8.208208208208208623e-01 1.005459503565110602e+00
8.218218218218218407e-01 1.006323616690640410e+00
8.228228228228228192e-01 1.007186590217991284e+00
8.238238238238237976e-01 1.008048423005853733e+00
8.248248248248247760e-01 1.008909113911774291e+00
8.258258258258258655e-01 1.009768661792155742e+00
8.268268268268268439e-01 1.010627065502255784e+00
8.278278278278278224e-01 1.011484323896185034e+00
8.288288288288288008e-01 1.012340435826907026e+00
8.298298298298297793e-01 1.013195400146236436e+00
8.308308308308308687e-01 1.014049215704837970e+00
8.318318318318318472e-01 1.014901881352225033e+00
8.328328328328328256e-01 1.015753395936759285e+00
8.338338338338338041e-01 1.016603758305648642e+00
8.348348348348347825e-01 1.017452967304946831e+00
8.358358358358358720e-01 1.018301021779551618e+00
8.368368368368368504e-01 1.019147920573203914e+00
8.378378378378378288e-01 1.019993662528486889e+00
8.388388388388388073e-01 1.020838246486824197e+00
8.398398398398397857e-01 1.021681671288479532e+00
8.408408408408408752e-01 1.022523935772555070e+00
8.418418418418418536e-01 1.023365038776989921e+00
8.428428428428428321e-01 1.024204979138560123e+00
8.438438438438438105e-01 1.025043755692875980e+00
8.448448448448449000e-01 1.025881367274382061e+00
8.458458458458458784e-01 1.026717812716355649e+00
8.468468468468468568e-01 1.027553090850905404e+00
8.478478478478478353e-01 1.028387200508970478e+00
8.488488488488488137e-01 1.029220140520319182e+00
8.498498498498499032e-01 1.030051909713547653e+00
8.508508508508508816e-01 1.030882506916078967e+00
8.518518518518518601e-01 1.031711930954162248e+00
8.528528528528528385e-01 1.032540180652870232e+00
8.538538538538538170e-01 1.033367254836099924e+00
8.548548548548549064e-01 1.034193152326569942e+00
8.558558558558558849e-01 1.035017871945819623e+00
8.568568568568568633e-01 1.035841412514208804e+00
8.578578578578578417e-01 1.036663772850915155e+00
8.588588588588588202e-01 1.037484951773934405e+00
8.598598598598599096e-01 1.038304948100077896e+00
8.608608608608608881e-01 1.039123760644972361e+00
8.618618618618618665e-01 1.039941388223058372e+00
8.628628628628628450e-01 1.040757829647589228e+00
8.638638638638638234e-01 1.041573083730629179e+00
8.648648648648649129e-01 1.042387149283053649e+00
8.658658658658658913e-01 1.043200025114546126e+00
8.668668668668668698e-01 1.044011710033599050e+00
8.678678678678678482e-01 1.044822202847510484e+00
8.688688688688688266e-01 1.045631502362385001e+00
8.698698698698699161e-01 1.046439607383130799e+00
8.708708708708708945e-01 1.047246516713459474e+00
8.718718718718718730e-01 1.048052229155884252e+00
8.728728728728728514e-01 1.048856743511719758e+00
8.738738738738738299e-01 1.049660058581079358e+00
8.748748748748749193e-01 1.050462173162875157e+00
8.758758758758758978e-01 1.051263086054815998e+00
8.768768768768768762e-01 1.052062796053407245e+00
8.778778778778778547e-01 1.052861301953948336e+00
8.788788788788788331e-01 1.053658602550532786e+00
8.798798798798799226e-01 1.054454696636045741e+00
8.808808808808809010e-01 1.055249583002163982e+00
8.818818818818818794e-01 1.056043260439353482e+00
8.828828828828828579e-01 1.056835727736869845e+00
8.838838838838838363e-01 1.057626983682755206e+00
8.848848848848849258e-01 1.058417027063838667e+00
8.858858858858859042e-01 1.059205856665733414e+00
8.868868868868868827e-01 1.059993471272837162e+00
8.878878878878878611e-01 1.060779869668330155e+00
8.888888888888888395e-01 1.061565050634173835e+00
8.898898898898899290e-01 1.062349012951109506e+00
8.908908908908909074e-01 1.063131755398657896e+00
8.918918918918918859e-01 1.063913276755116932e+00
8.928928928928928643e-01 1.064693575797561298e+00
8.938938938938938428e-01 1.065472651301841100e+00
8.948948948948949322e-01 1.066250502042580095e+00
8.958958958958959107e-01 1.067027126793174796e+00
8.968968968968968891e-01 1.067802524325793367e+00
8.978978978978978676e-01 1.068576693411374512e+00
8.988988988988988460e-01 1.069349632819625917e+00
8.998998998998999355e-01 1.070121341319022923e+00
9.009009009009009139e-01 1.070891817676807634e+00
9.019019019019018923e-01 1.071661060658987807e+00
9.029029029029028708e-01 1.072429069030334636e+00
9.039039039039038492e-01 1.073195841554382968e+00
9.049049049049049387e-01 1.073961376993429306e+00
9.059059059059059171e-01 1.074725674108529816e+00
9.069069069069068956e-01 1.075488731659500763e+00
9.079079079079078740e-01 1.076250548404915852e+00
9.089089089089089635e-01 1.077011123102105561e+00
9.099099099099099419e-01 1.077770454507155806e+00
9.109109109109109204e-01 1.078528541374907279e+00
9.119119119119118988e-01 1.079285382458952558e+00
9.129129129129128772e-01 1.080040976511636996e+00
9.139139139139139667e-01 1.080795322284056059e+00
9.149149149149149451e-01 1.081548418526053768e+00
9.159159159159159236e-01 1.082300263986223365e+00
9.169169169169169020e-01 1.083050857411903545e+00
9.179179179179178805e-01 1.083800197549179556e+00
9.189189189189189699e-01 1.084548283142880098e+00
9.199199199199199484e-01 1.085295112936577100e+00
9.209209209209209268e-01 1.086040685672584161e+00
9.219219219219219053e-01 1.086785000091955000e+00
9.229229229229228837e-01 1.087528054934483235e+00
9.239239239239239732e-01 1.088269848938699713e+00
9.249249249249249516e-01 1.089010380841872072e+00
9.259259259259259300e-01 1.089749649380003405e+00
9.269269269269269085e-01 1.090487653287830927e+00
9.279279279279278869e-01 1.091224391298824425e+00
9.289289289289289764e-01 1.091959862145186033e+00
9.299299299299299548e-01 1.092694064557847122e+00
9.309309309309309333e-01 1.093426997266468526e+00
9.319319319319319117e-01 1.094158658999439204e+00
9.329329329329328901e-01 1.094889048483874250e+00
9.339339339339339796e-01 1.095618164445613996e+00
9.349349349349349581e-01 1.096346005609222463e+00
9.359359359359359365e-01 1.097072570697986693e+00
9.369369369369369149e-01 1.097797858433915197e+00
9.379379379379378934e-01 1.098521867537735952e+00
9.389389389389389828e-01 1.099244596728896406e+00
9.399399399399399613e-01 1.099966044725561032e+00
9.409409409409409397e-01 1.100686210244610885e+00
9.419419419419419182e-01 1.101405092001641828e+00
9.429429429429428966e-01 1.102122688710963416e+00
9.439439439439439861e-01 1.102838999085597793e+00
9.449449449449449645e-01 1.103554021837277466e+00
9.459459459459459429e-01 1.104267755676445750e+00
9.469469469469469214e-01 1.104980199312253886e+00
9.479479479479478998e-01 1.105691351452560145e+00
9.489489489489489893e-01 1.106401210803929169e+00
9.499499499499499677e-01 1.107109776071630192e+00
9.509509509509509462e-01 1.107817045959635260e+00
9.519519519519519246e-01 1.108523019170618795e+00
9.529529529529529031e-01 1.109227694405956477e+00
9.539539539539539925e-01 1.109931070365722361e+00
9.549549549549549710e-01 1.110633145748689099e+00
9.559559559559559494e-01 1.111333919252326607e+00
9.569569569569569278e-01 1.112033389572799624e+00
9.579579579579579063e-01 1.112731555404967709e+00
9.589589589589589957e-01 1.113428415442382580e+00
9.599599599599599742e-01 1.114123968377288110e+00
9.609609609609609526e-01 1.114818212900618333e+00
9.619619619619619311e-01 1.115511147701996109e+00
9.629629629629629095e-01 1.116202771469732458e+00
9.639639639639639990e-01 1.116893082890823896e+00
9.649649649649649774e-01 1.117582080650952436e+00
9.659659659659659559e-01 1.118269763434484032e+00
9.669669669669669343e-01 1.118956129924466580e+00
9.679679679679679127e-01 1.119641178802629256e+00
9.689689689689690022e-01 1.120324908749381176e+00
9.699699699699699806e-01 1.121007318443809186e+00
9.709709709709709591e-01 1.121688406563678297e+00
9.719719719719719375e-01 1.122368171785428359e+00
9.729729729729730270e-01 1.123046612784174059e+00
9.739739739739740054e-01 1.123723728233703367e+00
9.749749749749749839e-01 1.124399516806475541e+00
9.759759759759759623e-01 1.125073977173621120e+00
9.769769769769769407e-01 1.125747108004938823e+00
9.779779779779780302e-01 1.126418907968895988e+00
9.789789789789790087e-01 1.127089375732625687e+00
9.799799799799799871e-01 1.127758509961926725e+00
9.809809809809809655e-01 1.128426309321261645e+00
9.819819819819819440e-01 1.129092772473754946e+00
9.829829829829830334e-01 1.129757898081192868e+00
9.839839839839840119e-01 1.130421684804020943e+00
9.849849849849849903e-01 1.131084131301343332e+00
9.859859859859859688e-01 1.131745236230921270e+00
9.869869869869869472e-01 1.132404998249171735e+00
9.879879879879880367e-01 1.133063416011166558e+00
9.889889889889890151e-01 1.133720488170629537e+00
9.899899899899899935e-01 1.134376213379937104e+00
9.909909909909909720e-01 1.135030590290115882e+00
9.919919919919919504e-01 1.135683617550841129e+00
9.929929929929930399e-01 1.136335293810436298e+00
9.939939939939940183e-01 1.136985617715870367e+00
9.949949949949949968e-01 1.137634587912758288e+00
9.959959959959959752e-01 1.138282203045357432e+00
9.969969969969969537e-01 1.138928461756568256e+00
9.979979979979980431e-01 1.139573362687931857e+00
9.989989989989990216e-01 1.140216904479628646e+00
1.000000000000000000e+00 1.140859085770477455e+00
